0,1,2,3,4,5,6,7,8,9,10,11,12,13,14,15,16,17,18,19,20,21,22,23,24,25,26,27,28,29,30,31,32,33,34,35,36,37,38,39,40,41,42,43,44,45,46,47,48,49,50,51,52,53,54,55,56,57,58,59,60,61,62,63,64
19,16,14,12,10,11,16,22,14,13,13,12,12,13,18,23,12,12,12,13,13,14,18,22,12,11,11,12,12,13,17,21,14,13,12,12,11,13,17,21,21,19,17,15,13,13,15,18,27,26,24,22,19,16,15,16,27,27,27,27,24,20,18,18,1
193,192,207,221,225,220,224,191,178,190,191,203,213,202,206,187,173,179,190,189,186,202,235,168,162,169,172,182,166,146,128,160,162,178,182,170,126,132,103,64,149,168,156,135,156,147,89,61,187,165,134,151,156,112,63,47,153,122,124,130,114,76,52,32,1
87,98,87,94,86,87,82,84,92,86,94,93,109,88,84,91,91,84,88,99,120,130,139,121,126,181,177,194,200,224,218,217,255,247,213,254,243,252,249,255,253,219,150,223,254,250,254,255,247,255,200,223,255,245,251,244,251,227,204,192,243,238,240,229,0
208,208,214,225,234,238,239,240,195,200,209,219,227,233,236,238,181,192,205,216,222,227,228,228,172,182,195,206,214,218,218,217,175,176,181,189,196,199,199,199,177,175,175,180,184,184,183,182,174,176,179,180,180,180,179,177,180,185,186,181,175,174,174,173,2
44,39,43,25,52,68,117,155,64,54,36,45,78,138,165,187,62,45,33,62,102,160,192,174,51,37,41,70,180,148,143,214,50,39,47,71,170,234,100,183,40,28,53,74,87,138,113,157,34,31,48,58,94,111,158,155,34,29,44,56,70,100,114,112,1
60,63,64,66,73,69,71,70,14,34,50,56,61,63,68,66,19,21,20,23,27,36,46,48,19,22,25,31,23,21,23,24,24,31,33,33,19,19,24,27,29,31,30,30,23,21,25,27,25,32,37,37,32,23,27,32,26,40,45,36,34,30,33,31,1
233,229,230,222,226,230,232,237,226,229,227,227,230,233,240,234,232,235,226,226,229,233,237,236,227,229,224,223,231,238,231,241,235,233,230,227,228,236,231,238,233,232,229,229,223,231,242,235,228,230,231,232,225,218,221,214,229,230,232,228,230,213,202,215,2
235,234,234,234,233,233,233,233,235,235,234,234,233,233,233,233,235,235,234,234,233,233,233,233,235,235,234,234,233,233,233,233,235,235,235,234,234,233,233,233,235,235,235,235,234,234,233,233,235,235,235,235,235,234,234,234,235,235,235,235,235,235,234,234,2
25,24,23,28,26,27,32,25,29,27,26,34,37,34,128,36,190,206,222,240,244,219,204,83,221,213,216,208,189,153,98,161,57,48,32,28,26,21,26,25,29,26,26,24,23,17,27,24,33,28,25,23,19,24,22,32,33,28,26,24,22,17,27,27,1
255,255,255,255,255,255,255,255,255,255,255,255,255,255,255,255,255,255,255,255,255,255,255,255,255,255,255,255,255,255,255,255,255,255,255,255,255,255,255,255,255,255,255,255,255,255,255,255,255,255,255,255,255,255,255,255,255,255,255,255,255,255,255,255,0
128,128,134,136,135,136,145,144,128,123,124,127,131,134,145,143,129,118,114,119,129,135,144,141,131,121,115,120,133,139,142,135,140,134,130,133,143,144,142,130,160,156,151,149,152,146,139,128,185,177,166,158,152,137,130,124,201,188,172,158,147,126,120,119,2
98,113,130,143,156,155,173,169,89,109,118,129,137,150,158,138,91,92,98,107,122,142,142,80,85,87,84,98,111,119,114,44,78,76,82,81,84,98,49,38,72,73,69,65,58,51,21,29,62,60,59,47,34,21,24,32,48,43,29,23,23,23,29,29,1
73,61,67,68,61,61,50,69,69,70,59,61,69,64,58,44,72,70,61,56,63,61,63,55,78,65,66,57,65,61,54,55,82,77,71,68,58,59,53,53,89,82,78,64,63,67,56,52,252,101,72,71,117,242,153,70,255,250,124,89,67,81,235,151,1
59,58,58,47,47,32,35,50,57,63,52,39,40,28,32,62,59,49,47,48,40,37,37,54,56,49,45,40,30,34,61,125,44,41,39,33,26,37,124,232,45,38,35,29,55,149,165,225,32,39,23,29,38,65,152,154,35,33,46,35,27,34,71,75,1
255,255,255,255,255,255,255,255,255,255,255,255,255,255,255,255,255,255,255,255,255,255,255,255,255,255,255,255,255,255,255,255,255,255,255,255,255,255,255,255,255,255,255,255,255,255,255,255,255,255,255,255,255,255,255,255,255,255,255,255,255,255,255,255,0
255,255,255,255,255,255,255,255,255,255,255,255,255,255,255,255,255,255,255,255,255,255,255,255,255,255,255,255,255,255,255,255,255,255,255,255,255,255,255,255,255,255,255,255,255,255,255,255,255,255,255,255,255,255,255,255,255,255,255,255,255,255,255,255,0
129,50,31,53,48,54,72,113,145,61,46,47,45,48,45,47,104,168,39,52,51,49,44,48,105,117,125,52,56,57,43,43,81,100,161,28,53,54,53,52,55,73,113,31,50,59,69,156,50,58,96,123,53,69,115,230,49,43,80,116,132,63,210,224,1
255,255,255,255,255,255,255,255,255,255,255,255,255,255,255,255,255,255,255,255,255,255,255,255,255,255,255,255,255,255,255,255,255,255,255,255,255,255,255,255,255,255,255,255,255,255,255,255,255,255,255,255,255,255,255,255,255,255,255,255,255,255,255,255,0
25,29,27,28,35,41,44,46,22,23,26,26,31,36,36,43,35,31,21,25,28,25,36,45,51,43,37,25,22,28,28,33,56,51,39,37,32,25,32,33,65,53,53,48,39,30,23,27,73,67,57,53,49,45,38,23,130,93,65,58,55,48,41,38,1
63,71,77,112,174,190,204,208,69,72,111,186,194,211,214,209,51,123,211,221,224,210,203,210,107,219,227,220,224,212,205,203,224,236,226,212,206,209,198,192,241,238,223,213,206,206,193,194,245,240,226,220,202,204,207,175,237,233,222,220,199,203,200,187,1
251,251,251,251,251,251,251,251,252,252,252,252,252,252,252,252,253,253,253,253,253,253,253,253,253,253,253,253,253,253,253,253,254,254,254,254,254,254,254,254,254,254,254,254,254,254,254,254,255,255,255,255,255,255,255,255,255,255,255,255,255,255,255,255,2
174,193,197,194,217,217,218,222,167,205,211,205,213,222,221,221,199,210,219,223,220,223,215,220,193,180,210,226,228,223,204,201,153,176,216,221,220,218,206,195,93,166,217,227,211,187,181,185,95,154,209,225,202,154,152,177,101,128,198,221,213,169,169,192,2
255,255,255,255,255,255,255,255,255,255,255,255,255,255,255,255,255,255,255,255,255,255,255,255,255,255,255,255,255,255,255,255,255,255,255,255,255,255,255,255,255,255,255,255,255,255,255,255,255,255,255,255,255,255,255,255,255,255,255,255,255,255,255,255,2
251,253,254,255,255,255,255,254,245,250,254,255,255,254,255,255,235,243,251,255,254,253,254,255,227,235,245,252,254,254,255,255,222,228,237,246,252,255,255,254,221,224,230,239,248,254,255,254,221,222,225,231,241,249,253,254,221,220,221,226,234,244,251,254,2
255,255,255,255,255,255,255,255,255,255,255,255,255,255,255,255,255,255,255,255,255,255,255,255,255,255,255,255,255,255,255,255,255,255,255,255,255,255,255,255,255,255,255,255,255,255,255,255,255,255,255,255,255,255,255,255,255,255,255,255,255,255,255,255,2
46,46,39,33,31,28,30,37,42,49,38,32,34,27,36,34,45,43,36,35,31,35,30,35,46,38,36,33,48,28,31,34,43,38,33,73,92,29,30,34,22,15,49,56,23,26,26,31,16,24,30,18,21,26,29,31,17,18,18,19,23,23,26,36,1
47,49,47,52,47,50,45,45,52,53,50,55,46,49,46,50,52,54,59,59,54,54,54,52,65,55,55,51,56,53,58,53,86,67,56,56,59,55,55,53,83,83,70,68,57,61,55,57,66,78,69,62,51,60,58,63,55,59,58,59,65,61,56,60,0
255,255,255,255,255,255,255,255,255,255,255,255,255,255,255,255,255,255,255,255,255,255,255,255,255,255,255,255,255,255,255,255,255,255,255,255,255,255,255,255,255,255,255,255,255,255,255,255,255,255,255,255,255,255,255,255,255,255,255,255,255,255,255,255,2
25,32,60,38,42,53,64,62,28,32,54,39,44,53,54,59,32,34,25,23,32,39,43,54,47,18,14,17,20,40,45,45,16,18,15,20,19,16,29,35,25,16,20,17,20,22,20,21,44,38,24,16,22,20,17,20,64,45,38,27,18,22,20,17,1
255,255,255,255,255,255,255,255,255,255,255,255,255,255,255,255,255,255,255,255,255,255,255,255,255,255,255,255,255,255,255,255,255,255,255,255,255,255,255,255,255,255,255,255,255,255,255,255,255,255,255,255,255,255,255,255,255,255,255,255,255,255,255,255,0
127,37,34,31,21,23,22,20,159,121,32,36,30,23,24,21,152,150,142,40,29,33,20,22,157,145,156,150,49,32,33,26,168,163,157,163,157,45,30,28,205,176,159,170,159,152,51,34,248,220,188,169,164,163,170,51,213,238,233,181,175,171,177,179,1
98,113,96,73,73,68,73,79,102,105,87,74,68,79,85,76,85,84,74,71,64,74,79,69,67,69,67,66,70,65,68,70,63,66,61,60,70,65,65,72,60,62,59,60,60,67,66,66,56,57,60,61,56,65,66,62,55,52,56,54,58,59,62,59,0
26,28,30,34,36,35,33,35,26,28,30,33,34,35,35,35,26,25,29,32,33,36,38,37,28,24,29,34,33,35,39,37,31,24,28,35,34,34,36,36,28,22,24,31,33,34,36,37,26,22,20,23,28,33,35,35,27,25,19,17,23,29,31,30,1
255,255,255,255,255,255,255,255,255,255,255,255,255,255,255,255,255,255,255,255,255,255,255,255,255,255,255,255,255,255,255,255,255,255,255,255,255,255,255,255,254,254,254,254,254,254,254,254,254,254,254,254,254,254,254,254,255,255,255,255,255,255,255,255,0
255,255,255,255,255,255,255,255,255,255,255,255,255,255,255,255,255,255,255,255,255,255,255,255,255,255,255,255,255,255,255,255,255,255,255,255,255,255,255,255,255,255,255,255,255,255,255,255,255,255,255,255,255,255,255,255,255,255,255,255,255,255,255,255,2
255,255,255,255,255,255,255,255,255,255,255,255,255,255,255,255,255,255,255,255,255,255,255,255,255,255,255,255,255,255,255,255,255,255,255,255,255,255,255,255,255,255,255,255,255,255,255,255,255,255,255,255,255,255,255,255,255,255,255,255,255,255,255,255,0
252,252,252,251,250,249,248,248,254,254,254,254,253,253,252,251,255,255,255,255,255,255,254,254,255,255,255,255,255,255,255,255,255,255,255,255,255,255,255,255,255,255,255,255,255,255,255,255,255,255,255,255,255,255,255,255,255,255,255,255,255,255,255,255,0
37,40,40,41,33,166,215,200,35,36,35,45,127,224,210,202,34,34,39,104,209,213,212,206,36,41,76,219,199,212,200,201,36,77,212,210,205,214,211,214,67,196,219,205,216,209,207,215,208,209,205,212,207,217,214,216,215,209,201,216,211,209,218,211,1
42,41,47,41,52,49,42,39,39,38,44,49,40,40,39,32,36,41,43,42,45,26,32,31,36,44,40,35,32,30,26,24,33,36,40,34,30,26,30,80,36,36,28,29,23,21,56,62,33,27,31,31,25,43,38,54,40,31,29,19,21,36,37,50,1
255,255,255,255,255,255,255,255,255,255,255,255,255,255,255,255,255,255,255,255,255,255,255,255,255,255,255,255,255,255,255,255,255,255,255,255,255,255,255,255,255,255,255,255,255,255,255,255,255,255,255,255,255,255,255,255,255,255,255,255,255,255,255,255,0
31,31,32,33,33,34,33,32,33,34,35,36,36,37,35,32,36,37,37,36,35,36,36,35,37,38,40,41,39,36,35,35,53,46,40,41,41,40,40,43,80,65,51,48,47,44,42,41,146,127,101,81,68,61,58,57,156,157,155,147,137,127,119,114,0
254,255,255,255,255,255,255,255,255,255,255,255,255,255,255,254,253,254,254,255,255,255,255,255,246,247,248,249,250,251,253,254,221,222,224,225,228,232,237,241,205,204,201,199,198,200,205,208,217,213,207,201,196,192,189,187,229,227,224,222,220,215,208,203,2
77,78,83,85,94,110,120,128,75,74,78,78,79,86,100,119,89,74,68,71,76,77,82,94,133,101,72,61,63,66,71,79,165,142,108,78,59,54,59,66,178,179,167,147,126,112,106,100,204,212,214,215,213,209,203,191,228,232,232,238,245,248,248,241,2
41,38,33,33,25,34,66,82,42,38,31,31,28,43,72,82,39,38,29,28,27,49,75,84,35,37,30,29,25,46,72,85,32,32,29,29,26,41,64,80,31,26,25,26,28,35,55,72,45,34,30,25,28,29,47,64,67,51,42,28,27,24,42,59,1
255,255,255,255,255,255,255,255,255,255,255,255,255,255,255,255,255,255,255,255,255,255,255,255,255,255,255,255,255,255,255,255,255,255,255,255,255,255,255,255,255,255,255,255,255,255,255,255,255,255,255,255,255,255,255,255,255,255,255,255,255,255,255,255,2
255,255,255,255,255,255,255,255,255,255,255,255,255,255,255,255,255,255,255,255,255,255,255,255,255,255,255,255,255,255,255,255,255,255,255,255,255,255,255,255,255,255,255,255,255,255,255,255,255,255,255,255,255,255,255,255,255,255,255,255,255,255,255,255,0
95,95,96,98,103,105,106,115,95,94,95,89,95,97,101,107,95,93,95,86,92,91,95,98,102,94,94,89,93,89,93,97,109,99,95,92,92,91,92,95,109,102,98,94,92,94,88,84,117,107,104,98,98,95,88,78,133,114,108,101,103,96,92,85,1
255,255,255,255,255,255,255,255,255,255,255,255,255,255,255,255,255,255,255,255,255,255,255,255,255,255,255,255,255,255,255,255,255,255,255,255,255,255,255,255,255,255,255,255,255,255,255,255,255,255,255,255,255,255,255,255,255,255,255,255,255,255,255,255,2
230,230,229,229,228,228,227,227,233,232,232,231,231,231,231,230,235,235,234,234,234,234,234,234,237,237,237,236,236,236,236,237,239,239,239,239,239,239,239,239,241,241,240,240,240,240,241,241,242,242,242,242,242,242,242,242,244,244,244,244,243,243,243,243,2
255,253,254,253,247,212,158,134,255,254,255,255,253,230,183,149,254,255,255,255,255,246,210,164,254,255,254,254,254,253,231,182,253,255,254,255,254,255,247,208,254,255,254,255,254,255,254,231,255,255,254,255,254,254,255,245,255,255,254,255,255,254,255,254,2
255,255,255,255,255,255,255,255,255,255,255,255,255,255,255,255,255,255,255,255,255,255,255,255,255,255,255,255,255,255,255,255,255,255,255,255,255,255,255,255,255,255,255,255,255,255,255,255,255,255,255,255,255,255,255,255,255,255,255,255,255,255,255,255,0
41,63,81,78,78,94,113,135,38,62,77,78,73,80,101,125,40,52,76,77,77,81,100,122,43,36,78,75,79,83,94,111,31,17,62,76,77,76,80,92,18,10,35,74,79,76,76,79,18,18,21,54,74,75,74,71,14,21,19,26,61,69,71,71,1
77,82,74,80,72,78,79,77,71,68,82,77,82,73,76,78,73,75,74,73,77,83,78,86,76,78,80,83,85,76,82,84,77,76,74,78,66,71,79,71,66,67,71,65,68,68,67,73,69,69,62,68,62,63,64,100,69,62,62,57,61,65,84,77,0
205,206,207,206,206,208,209,209,207,208,208,208,209,210,211,212,209,210,211,211,211,212,214,214,212,213,214,213,214,215,216,216,215,216,216,216,216,217,218,218,216,217,217,217,218,219,220,220,218,219,219,219,219,220,221,222,222,222,223,222,222,222,223,223,2
23,23,22,20,17,21,25,41,24,20,17,19,23,29,28,36,23,22,22,27,31,36,34,38,21,26,30,35,33,34,32,35,25,30,33,39,38,41,39,37,32,37,38,43,42,46,45,39,40,46,49,54,51,53,51,41,48,57,63,75,77,82,78,65,1
90,86,92,96,123,144,168,184,81,85,97,87,104,137,164,172,79,67,84,91,115,162,184,160,91,71,65,67,99,156,176,136,96,79,69,54,50,105,156,122,98,79,74,68,41,64,124,132,105,95,72,65,63,53,71,111,104,98,82,68,70,67,55,65,2
221,223,205,200,196,192,153,41,203,210,206,203,197,108,36,43,209,209,214,162,52,32,36,32,203,187,96,52,38,32,37,37,120,72,64,66,32,31,31,35,77,79,95,88,38,35,32,39,62,92,113,73,35,49,91,91,74,116,85,93,156,187,213,217,1
255,255,255,255,255,255,255,255,255,255,255,255,255,255,255,255,255,255,255,255,255,255,255,255,255,255,255,255,255,255,255,255,255,255,255,255,255,255,255,255,255,255,255,255,255,255,255,255,255,255,255,255,255,255,255,255,255,255,255,255,255,255,255,255,2
159,162,160,161,164,166,163,153,151,156,157,157,159,161,160,153,144,149,150,155,161,164,161,152,130,135,140,150,161,164,157,144,116,125,136,150,162,164,157,144,99,108,118,135,151,158,155,144,90,95,101,116,134,146,150,145,82,86,89,98,111,124,136,139,2
74,86,113,131,144,133,100,89,50,82,100,116,144,139,90,86,48,84,104,117,134,141,95,87,56,69,95,127,141,144,100,85,50,67,92,116,139,142,106,88,47,70,94,106,125,134,118,95,49,52,80,111,127,134,130,97,47,54,81,109,121,139,143,99,1
238,238,238,238,237,237,237,237,238,239,239,239,238,238,238,238,239,239,239,239,239,239,239,239,240,240,240,240,240,240,240,240,241,241,242,241,241,241,241,242,241,241,241,241,241,241,241,241,241,242,242,242,241,241,241,241,243,243,244,243,243,243,243,243,2
231,218,154,89,141,89,62,60,131,81,110,157,124,74,68,61,57,96,151,147,104,69,58,60,86,139,144,122,75,67,61,57,233,221,207,150,93,65,58,59,108,151,178,189,171,101,90,85,53,96,59,68,61,68,66,142,47,48,53,53,52,51,74,199,1
245,245,245,245,245,245,245,245,246,246,246,246,246,246,246,246,246,246,246,246,246,246,246,246,246,246,246,246,246,246,246,246,247,247,247,247,247,247,247,247,248,248,248,248,248,248,248,248,249,249,249,249,249,249,249,249,249,249,249,249,249,249,249,249,2
255,255,255,255,255,255,255,255,255,255,255,255,255,255,255,255,255,255,255,255,255,255,255,255,255,255,255,255,255,255,255,255,255,255,255,255,255,255,255,255,255,255,255,255,255,255,255,255,255,255,255,255,255,255,255,255,255,255,255,255,255,255,255,255,0
83,75,77,58,48,66,140,155,76,70,63,50,43,81,135,135,75,56,45,41,56,89,123,119,59,49,40,46,73,76,79,90,46,38,43,59,52,55,55,61,40,41,39,43,47,44,42,57,41,40,43,43,53,46,48,50,41,47,50,52,53,61,67,62,1
255,253,255,252,253,255,255,240,254,253,249,255,255,210,174,126,250,255,254,233,175,118,97,89,237,251,209,110,73,92,66,64,180,153,119,71,84,93,64,69,93,83,76,70,69,75,87,86,72,74,66,70,66,64,74,76,61,60,79,67,66,67,76,77,0
60,66,71,74,66,60,122,252,29,32,36,34,36,46,229,255,29,26,28,31,40,74,252,253,74,25,30,38,50,175,251,251,136,38,37,44,56,242,255,240,139,35,36,46,83,248,251,232,118,36,43,52,153,255,253,223,85,40,44,55,235,255,238,219,1
27,25,23,21,20,20,20,19,23,22,23,25,25,25,26,28,23,23,26,30,32,32,34,36,30,30,32,34,36,38,39,41,38,38,37,37,40,45,47,47,44,43,42,43,48,53,56,56,51,49,49,54,58,59,61,63,58,54,56,63,65,61,61,66,1
255,255,255,255,255,255,255,255,255,255,255,255,255,255,255,255,255,255,255,255,255,255,255,255,255,255,255,255,255,255,255,255,255,255,255,255,255,255,255,255,255,255,255,255,255,255,255,255,255,255,255,255,255,255,255,255,255,255,255,255,255,255,255,255,0
255,255,255,255,255,255,255,255,255,255,255,255,255,255,255,255,255,255,255,255,255,255,255,255,255,255,255,255,255,255,255,255,255,255,255,255,255,255,255,255,255,255,255,255,255,255,255,255,255,255,255,255,255,255,255,255,255,255,255,255,255,255,255,255,2
167,168,179,202,205,213,222,221,163,168,180,196,191,201,219,219,162,173,180,188,184,191,209,213,153,165,170,171,176,186,198,211,146,154,165,158,163,183,196,210,141,144,163,158,162,188,205,212,146,139,144,154,177,198,212,217,171,150,127,147,194,203,209,220,2
255,255,255,255,255,255,255,255,255,255,255,255,255,255,255,255,255,255,255,255,255,255,255,255,255,255,255,255,255,255,255,255,255,255,255,255,255,255,255,255,255,255,255,255,255,255,255,255,255,255,255,255,255,255,255,255,255,255,255,255,255,255,255,255,0
160,177,206,197,198,196,204,207,169,207,196,183,200,211,209,208,189,215,221,206,208,210,203,195,210,208,219,212,207,205,203,198,215,217,204,207,203,202,202,210,219,203,204,197,187,196,212,225,194,164,195,192,194,211,221,221,176,172,184,181,199,220,217,218,2
49,57,56,53,66,68,79,99,45,48,53,56,63,66,68,66,40,39,39,41,45,57,57,48,31,37,34,35,40,51,48,44,38,39,34,32,31,39,41,42,39,33,35,38,30,31,32,26,40,31,31,31,28,27,31,28,26,28,28,26,32,26,24,27,1
226,227,227,227,227,228,228,229,228,228,228,229,229,229,229,230,229,230,230,230,230,230,231,231,232,232,232,232,232,232,233,233,234,234,235,234,234,234,235,235,235,235,236,235,235,235,236,236,236,237,237,237,236,236,237,237,239,239,239,239,238,238,239,239,2
255,255,255,255,255,255,255,255,255,255,255,255,255,255,255,255,255,255,255,255,255,255,255,255,255,255,255,255,255,255,255,255,255,255,255,255,255,255,255,255,255,255,255,255,255,255,255,255,255,255,255,255,255,255,255,255,255,255,255,255,255,255,255,255,2
54,52,55,56,60,59,63,65,51,53,57,59,64,66,69,69,57,62,64,67,68,72,73,73,57,61,63,68,68,73,73,75,62,64,66,74,73,74,73,77,63,64,68,75,75,72,70,74,64,65,71,76,79,76,78,81,68,68,73,73,77,75,79,81,1
48,50,49,52,49,46,49,46,51,51,50,51,49,46,49,46,55,54,52,53,50,46,47,46,54,56,55,51,47,49,49,44,54,51,51,51,51,50,45,38,48,51,55,50,49,49,34,16,55,44,49,55,45,25,12,16,49,54,56,37,18,16,15,18,1
234,246,249,233,220,212,199,189,217,229,230,213,210,225,229,224,225,225,224,218,220,231,234,233,242,235,238,240,237,234,230,230,249,252,255,250,242,241,242,245,249,253,253,247,244,246,247,252,246,241,236,237,245,245,242,250,227,218,206,205,216,218,216,228,2
59,62,65,54,49,43,42,26,60,56,54,53,57,45,29,21,57,57,56,50,40,38,29,21,55,51,48,47,34,29,22,18,54,52,46,39,33,24,19,24,71,37,40,34,29,25,28,28,175,47,32,28,24,24,34,36,208,42,27,23,29,33,37,39,1
255,255,255,255,255,255,255,255,255,255,255,255,255,255,255,255,255,255,255,255,255,255,255,255,255,255,255,255,255,255,255,255,255,255,255,255,255,255,255,255,255,255,255,255,255,255,255,255,255,255,255,255,255,255,255,255,255,255,255,255,255,255,255,255,2
57,58,59,58,56,56,58,56,60,58,59,59,60,61,58,56,58,57,61,60,61,62,59,62,59,58,61,59,59,61,59,66,66,60,59,56,58,61,60,63,63,59,57,56,55,59,64,64,58,59,58,60,56,59,70,66,61,61,59,64,60,64,75,63,1
255,255,255,255,255,255,255,255,255,255,255,255,255,255,255,255,255,255,255,255,255,255,255,255,255,255,255,255,255,255,255,255,255,255,255,255,255,255,255,255,255,255,255,255,255,255,255,255,255,255,255,255,255,255,255,255,255,255,255,255,255,255,255,255,2
242,242,242,242,241,241,241,240,242,242,242,242,242,241,241,241,243,243,243,243,243,243,242,242,244,244,244,244,244,244,244,244,245,245,245,245,245,245,245,245,246,246,245,245,245,245,245,245,247,247,247,246,246,246,246,246,249,248,248,248,247,247,247,247,2
250,253,252,252,255,254,251,253,253,250,254,255,248,253,255,255,253,255,249,254,255,255,251,251,202,254,255,250,252,255,250,255,82,166,227,255,255,254,248,255,58,73,104,165,225,255,255,255,89,86,83,92,130,170,189,208,125,117,111,103,116,130,121,120,2
42,28,24,20,19,17,14,16,40,29,26,21,17,14,11,18,36,27,21,19,17,27,40,45,33,28,25,39,44,47,50,44,39,50,57,60,49,52,85,130,65,62,89,144,186,210,198,183,206,209,188,192,165,128,108,86,236,219,112,102,100,57,61,62,1
255,255,255,255,255,255,255,255,255,255,255,255,255,255,255,255,255,255,255,255,255,255,255,255,255,255,255,255,255,255,255,255,255,255,255,255,255,255,255,255,255,255,255,255,255,255,255,255,255,255,255,255,255,255,255,255,255,255,255,255,255,255,255,255,2
255,255,255,255,255,255,255,255,255,255,255,255,255,255,255,255,255,255,255,255,255,255,255,255,255,255,255,255,255,255,255,255,255,255,255,255,255,255,255,255,255,255,255,255,255,255,255,255,255,255,255,255,255,255,255,255,255,255,255,255,255,255,255,255,2
204,197,184,167,177,172,163,132,203,192,193,173,181,165,156,124,199,188,181,181,171,158,148,123,202,185,184,195,176,168,143,125,191,164,185,172,176,163,137,123,191,182,174,174,159,159,130,133,176,174,165,163,156,141,131,159,194,177,170,163,145,138,119,192,1
212,214,205,174,157,159,162,174,213,227,214,200,169,139,153,165,216,221,220,211,177,144,143,150,206,201,216,210,190,180,162,146,186,190,206,216,207,206,188,140,160,166,182,204,207,205,188,136,154,154,168,189,203,209,199,180,157,159,160,174,191,199,208,220,2
255,255,255,255,255,255,255,255,255,255,255,255,255,255,255,255,255,255,255,255,255,255,255,255,255,255,255,255,255,255,255,255,255,255,255,255,255,255,255,255,255,255,255,255,255,255,255,255,255,255,255,255,255,255,255,255,255,255,255,255,255,255,255,255,2
255,255,255,255,255,255,255,255,255,255,255,255,255,255,255,255,255,255,255,255,255,255,255,255,255,255,255,255,255,255,255,255,255,255,255,255,255,255,255,255,255,255,255,255,255,255,255,255,255,255,255,255,255,255,255,255,255,255,255,255,255,255,255,255,0
182,181,205,163,143,99,154,211,198,200,185,191,144,130,115,186,195,215,193,187,140,124,92,159,191,166,155,163,156,113,89,122,184,185,170,163,168,138,78,88,177,199,186,154,154,138,51,74,144,161,184,169,159,141,49,60,178,179,172,175,177,158,51,67,1
50,39,33,31,25,18,18,21,33,35,31,28,20,20,15,14,40,37,31,26,26,21,17,16,39,37,35,34,31,21,15,16,45,46,39,38,31,30,18,13,60,58,58,48,38,29,27,23,99,92,89,77,60,42,31,16,237,250,230,187,95,63,35,27,1
75,63,66,63,69,67,69,65,81,61,56,64,66,64,67,58,79,68,56,60,60,60,64,59,73,81,68,52,55,58,58,59,71,84,82,52,53,57,53,53,70,74,87,63,51,52,53,52,72,69,82,69,52,50,55,57,80,74,73,67,56,54,55,58,0
157,156,153,150,148,145,144,144,163,162,160,157,155,153,151,150,170,169,167,165,163,161,158,157,176,175,172,170,169,167,165,163,183,181,178,176,175,173,172,170,187,186,183,181,180,178,177,176,192,191,189,187,186,184,183,182,197,197,196,194,192,190,189,188,2
255,255,255,255,255,255,255,255,255,255,255,255,255,255,255,255,255,255,255,255,255,255,255,255,255,255,255,255,255,255,255,255,255,255,255,255,255,255,255,255,255,255,255,255,255,255,255,255,255,255,255,255,255,255,255,255,255,255,255,255,255,255,255,255,0
255,255,255,255,255,255,255,255,255,255,255,255,255,255,255,255,255,255,255,255,255,255,255,255,255,255,255,255,255,255,255,255,255,255,255,255,255,255,255,255,255,255,255,255,255,255,255,255,255,255,255,255,255,255,255,255,255,255,255,255,255,255,255,255,2
255,255,255,255,255,255,255,255,255,255,255,255,255,255,255,255,255,255,255,255,255,255,255,255,255,255,255,255,255,255,255,255,255,255,255,255,255,255,255,255,254,254,254,254,255,255,255,255,253,254,254,254,255,255,255,255,253,253,254,254,255,255,255,255,0
154,161,184,209,224,236,242,240,155,156,176,206,223,230,233,233,151,154,172,196,213,220,217,208,148,153,167,183,195,198,190,176,148,149,158,170,175,170,160,153,146,149,152,155,156,152,146,141,144,149,149,145,145,146,142,137,145,145,144,143,144,141,138,138,2
50,50,52,49,52,54,58,85,52,53,52,46,47,49,52,68,49,50,49,48,48,47,49,56,52,49,47,48,46,42,45,47,49,46,43,42,39,37,41,40,41,41,41,38,36,37,36,33,45,40,40,36,34,33,29,32,54,37,32,31,32,31,30,46,1
253,253,253,254,254,255,255,255,254,254,254,254,254,255,255,255,254,254,255,255,255,255,255,255,255,255,255,255,255,255,255,255,255,255,255,255,255,255,255,255,255,255,255,255,255,255,255,255,255,255,255,255,255,255,255,255,254,254,254,255,255,255,255,255,2
255,255,255,255,255,255,255,255,255,255,255,255,255,255,255,255,255,255,255,255,255,255,255,255,255,255,255,255,255,255,255,255,255,255,255,255,255,255,255,255,255,255,255,255,255,255,255,255,255,255,255,255,255,255,255,255,255,255,255,255,255,255,255,255,2
255,255,255,255,255,255,255,255,255,255,255,255,255,255,255,255,255,255,255,255,255,255,255,255,255,255,255,255,255,255,255,255,255,255,255,255,255,255,255,255,255,255,255,255,255,255,255,255,255,255,255,255,255,255,255,255,255,255,255,255,255,255,255,255,2
238,202,105,41,26,28,24,29,223,182,136,49,26,26,28,27,203,182,154,58,61,28,29,31,200,188,147,71,65,72,33,31,175,180,175,113,66,92,171,35,216,171,174,135,102,129,114,184,147,167,164,151,86,166,116,112,206,188,170,155,107,119,196,97,1
84,70,64,70,79,82,90,97,86,80,67,73,77,73,85,93,85,92,77,69,74,79,87,94,92,94,94,86,86,95,87,82,126,100,96,102,90,89,81,74,147,122,81,81,80,72,76,85,138,138,83,69,78,76,82,100,135,140,100,81,81,90,97,109,2
141,140,138,137,136,135,133,133,148,147,146,145,144,143,142,141,156,155,153,152,151,151,150,150,162,161,159,158,157,156,156,156,170,168,166,165,164,163,163,162,176,174,173,171,170,169,169,168,180,179,178,177,176,175,174,174,184,183,182,182,181,180,179,179,2
97,114,133,145,150,155,162,168,93,100,110,117,122,128,141,153,96,101,110,117,115,114,123,137,100,104,109,113,112,114,122,132,106,106,106,108,114,122,126,127,106,109,113,117,124,130,131,129,98,102,110,119,124,128,134,141,97,98,108,123,129,127,133,144,2
255,255,255,255,255,255,255,255,255,255,255,255,255,255,255,255,255,255,255,255,255,255,255,255,255,255,255,255,255,255,255,255,255,255,255,255,255,255,255,255,255,255,255,255,255,255,255,255,255,255,255,255,255,255,255,255,255,255,255,255,255,255,255,255,2
255,255,255,255,255,255,255,255,255,255,255,255,255,255,255,255,255,255,255,255,255,255,255,255,255,255,255,255,255,255,255,255,255,255,255,255,255,255,255,255,255,255,255,255,255,255,255,255,255,255,255,255,255,255,255,255,255,255,255,255,255,255,255,255,2
80,50,39,37,69,159,189,124,57,41,40,62,137,191,186,115,41,35,54,151,185,180,141,105,60,76,131,180,188,186,119,106,61,99,166,181,183,175,110,96,77,177,194,188,197,185,110,91,175,202,199,199,208,181,100,104,208,201,197,203,208,196,112,101,1
255,255,255,255,255,255,255,255,255,255,255,255,255,255,255,255,255,255,255,255,255,255,255,255,255,255,255,255,255,255,255,255,255,255,255,255,255,255,255,255,255,255,255,255,255,255,255,255,255,255,255,255,255,255,255,255,255,255,255,255,255,255,255,255,2
50,53,57,70,79,102,98,125,53,49,50,53,60,66,73,60,88,51,45,45,43,40,37,27,149,51,39,37,32,30,27,21,96,132,40,40,33,22,22,20,94,114,43,29,27,27,17,20,132,113,59,33,70,90,93,80,148,112,184,72,57,52,53,49,1
255,255,255,255,255,255,255,255,255,255,255,255,255,255,255,255,255,255,255,255,255,255,255,255,255,255,255,255,255,255,255,255,255,255,255,255,255,255,255,255,255,255,255,255,255,255,255,255,255,255,255,255,255,255,255,255,255,255,255,255,255,255,255,255,0
255,255,255,255,255,255,255,255,255,255,255,255,255,255,255,255,255,255,255,255,255,255,255,255,255,255,255,255,255,255,255,255,255,255,255,255,255,255,255,255,255,255,255,255,255,255,255,255,255,255,255,255,255,255,255,255,255,255,255,255,255,255,255,255,2
255,255,255,255,255,255,255,255,255,255,255,255,255,255,255,255,255,255,255,255,255,255,255,255,255,255,255,255,255,255,255,255,255,255,255,255,255,255,255,255,255,255,255,255,255,255,255,255,255,255,255,255,255,255,255,255,255,255,255,255,255,255,255,255,0
255,255,255,255,255,255,255,255,255,255,255,255,255,255,255,255,255,255,255,255,255,255,255,255,255,255,255,255,255,255,255,255,255,255,255,255,255,255,255,255,255,255,255,255,255,255,255,255,255,255,255,255,255,255,255,255,255,255,255,255,255,255,255,255,2
255,255,255,255,255,255,255,255,255,255,255,255,255,255,255,255,255,255,255,255,255,255,255,255,255,255,255,255,255,255,255,255,255,255,255,255,255,255,255,255,255,255,255,255,255,255,255,255,255,255,255,255,255,255,255,255,255,255,255,255,255,255,255,255,0
34,28,27,25,19,20,17,17,35,28,27,25,23,20,19,19,43,34,31,25,24,17,16,21,51,42,33,27,23,19,21,33,53,46,33,29,23,28,34,54,55,49,34,31,22,34,42,60,58,50,36,31,24,37,42,51,57,47,37,31,28,40,43,44,1
91,88,90,49,46,46,40,34,66,88,81,75,36,41,31,37,45,50,81,85,78,38,31,29,51,58,53,83,74,60,44,35,61,54,62,59,71,60,41,33,62,61,58,60,58,51,39,38,65,63,80,68,65,59,50,40,75,70,79,91,69,60,50,42,1
253,255,255,253,255,255,254,255,252,251,255,255,252,255,253,253,80,93,134,180,221,241,239,211,67,81,95,110,105,117,163,188,60,77,81,93,95,128,149,169,45,52,82,91,93,107,127,183,44,41,68,72,81,89,98,140,31,43,56,71,62,75,78,108,1
44,51,64,61,46,37,50,48,75,71,61,62,41,102,67,50,55,58,57,112,211,196,87,45,104,118,141,201,201,187,96,50,161,190,181,196,207,195,108,48,173,180,197,209,207,190,136,52,189,190,193,184,197,193,114,43,194,197,191,197,214,179,107,47,1
255,255,255,255,255,255,255,255,255,255,255,255,255,255,255,255,255,255,255,255,255,255,255,255,255,255,255,255,255,255,255,255,255,255,255,255,255,255,255,255,255,255,255,255,255,255,255,255,255,255,255,255,255,255,255,255,255,255,255,255,255,255,255,255,0
255,255,255,255,255,255,255,255,255,255,255,255,255,255,255,255,255,255,255,255,255,255,255,255,255,255,255,255,255,255,255,255,255,255,255,255,255,255,255,255,255,255,255,255,255,255,255,255,255,255,255,255,255,255,255,255,255,255,255,255,255,255,255,255,2
60,83,79,66,76,74,72,74,58,57,71,79,65,66,79,75,15,19,60,45,62,70,67,60,16,17,17,23,52,46,56,66,25,26,20,19,23,23,44,34,194,200,179,129,74,31,28,24,216,223,225,224,216,194,67,26,196,212,215,224,224,212,101,51,1
131,122,120,112,101,98,91,86,154,136,121,113,110,104,97,99,205,157,129,120,108,109,115,112,241,208,166,135,120,115,115,117,253,244,207,163,137,124,115,113,253,255,249,221,174,138,126,122,255,255,249,245,229,190,150,124,255,252,255,255,244,235,209,162,2
255,255,255,255,255,255,255,255,255,255,255,255,255,255,255,255,255,255,255,255,255,255,255,255,255,255,255,255,255,255,255,255,255,255,255,255,255,255,255,255,255,255,255,255,255,255,255,255,255,255,255,255,255,255,255,255,255,255,255,255,255,255,255,255,0
255,255,255,255,255,255,255,255,255,255,255,255,255,255,255,255,255,255,255,255,255,255,255,255,255,255,255,255,255,255,255,255,255,255,255,255,255,255,255,255,255,255,255,255,255,255,255,255,255,255,255,255,255,255,255,255,255,255,255,255,255,255,255,255,0
249,245,102,98,89,78,77,47,245,249,247,136,96,88,79,33,96,202,238,226,210,84,42,18,22,22,21,31,26,30,22,25,17,19,18,20,21,21,23,30,18,14,21,20,26,25,29,26,19,20,21,24,22,25,32,31,21,20,26,25,32,32,34,33,1
48,48,58,82,93,112,119,135,51,46,51,68,77,91,98,109,58,50,50,57,63,73,83,93,50,47,52,55,59,61,71,78,49,47,51,51,56,56,67,71,52,49,50,53,60,63,70,68,43,45,49,57,65,65,66,58,45,46,45,50,55,58,62,57,1
255,255,255,255,255,255,255,255,255,255,255,255,255,255,255,255,255,255,255,255,255,255,255,255,255,255,255,255,255,255,255,255,255,255,255,255,255,255,255,255,255,255,255,255,255,255,255,255,255,255,255,255,255,255,255,255,255,255,255,255,255,255,255,255,0
97,45,40,31,31,49,35,30,61,48,35,27,36,43,35,34,52,40,30,30,34,38,40,38,55,30,32,32,28,40,42,37,40,33,37,28,28,40,35,37,36,38,35,31,34,35,34,39,44,40,33,38,37,32,37,37,41,41,38,38,36,34,36,34,1
255,255,255,255,255,255,255,255,255,255,255,255,255,255,255,255,255,255,255,255,255,255,255,255,255,255,255,255,255,255,255,255,255,255,255,255,255,255,255,255,255,255,255,255,255,255,255,255,255,255,255,255,255,255,255,255,255,255,255,255,255,255,255,255,0
185,172,176,175,176,176,210,222,192,182,195,198,194,209,225,210,190,218,232,220,211,216,212,215,219,228,232,227,216,211,200,198,201,215,212,191,175,175,190,196,171,203,201,194,212,199,195,211,192,188,191,213,240,223,214,225,216,209,216,216,223,231,235,234,2
134,24,19,19,20,21,20,43,141,24,21,21,19,18,28,30,132,29,19,19,19,20,19,28,124,27,24,22,20,19,22,25,104,32,22,21,17,25,20,25,110,67,34,25,23,17,23,24,171,86,74,31,24,19,20,23,222,139,74,62,45,40,43,46,1
79,84,104,128,147,148,153,154,81,88,95,112,129,157,158,91,67,84,91,106,102,104,104,60,64,68,63,71,78,73,49,31,56,57,54,48,45,46,25,18,48,45,43,40,33,27,19,22,40,39,37,33,35,31,27,28,48,41,45,38,36,35,31,28,1
40,46,69,86,95,97,102,96,74,86,95,98,99,99,98,101,85,96,97,95,91,95,95,98,89,89,92,93,87,92,94,88,89,84,88,90,89,89,89,82,79,77,79,80,87,81,81,83,76,76,76,77,80,78,79,85,72,67,69,76,70,75,80,82,1
119,129,135,158,145,154,173,232,116,118,135,145,136,151,161,195,108,113,128,138,140,146,163,171,101,110,116,126,135,130,154,164,98,110,115,118,133,129,139,168,89,111,110,115,127,120,119,139,74,95,96,109,117,117,121,127,86,88,96,100,99,110,115,122,1
49,115,82,50,56,235,255,253,94,170,69,55,38,54,110,251,162,178,69,52,51,47,38,54,181,173,75,50,48,43,40,40,185,179,75,55,49,46,38,40,180,185,73,58,47,56,60,61,193,185,82,64,56,58,66,44,185,183,138,73,75,78,48,38,1
255,255,255,255,255,255,255,255,255,255,255,255,255,255,255,255,255,255,255,255,255,255,255,255,255,255,255,255,255,255,255,255,255,255,255,255,255,255,255,255,255,255,255,255,255,255,255,255,255,255,255,255,255,255,255,255,255,255,255,255,255,255,255,255,0
255,255,255,255,255,255,255,255,255,255,255,255,255,255,255,255,255,255,255,255,255,255,255,255,255,255,255,255,255,255,255,255,255,255,255,255,255,255,255,255,255,255,255,255,255,255,255,255,255,255,255,255,255,255,255,255,255,255,255,255,255,255,255,255,0
18,16,26,42,50,55,51,57,18,17,25,36,43,42,41,45,16,14,19,27,35,31,34,34,21,18,15,23,29,24,25,21,23,21,15,22,24,23,21,18,20,20,17,22,20,21,20,21,23,22,22,21,19,18,16,18,24,19,22,18,21,20,18,18,1
175,192,198,229,227,229,239,233,161,188,191,192,209,222,222,193,139,155,176,188,193,211,209,139,123,150,165,174,186,188,160,158,110,127,147,151,160,164,126,180,94,101,122,136,127,107,112,207,74,94,107,114,102,96,119,178,74,77,84,88,85,97,109,171,1
38,38,42,38,44,41,35,37,38,44,43,46,43,46,36,37,43,46,45,43,46,46,44,36,33,37,38,37,46,49,55,45,33,40,37,42,39,45,44,36,33,35,34,38,42,43,37,28,38,35,36,32,40,34,29,26,29,32,33,31,28,29,29,44,1
220,226,234,238,240,248,249,242,191,194,203,209,210,215,222,226,181,178,179,181,180,180,184,188,173,172,172,172,173,175,174,171,158,161,162,162,165,170,172,172,152,151,146,144,149,155,160,165,163,167,161,152,148,145,141,139,167,191,204,198,190,184,173,164,2
216,219,223,217,211,203,210,210,219,216,216,215,209,200,202,190,213,217,215,216,215,209,205,177,194,203,194,200,217,226,221,189,189,182,159,178,214,228,227,211,194,172,147,177,208,206,205,211,174,156,149,181,197,186,182,192,141,136,146,178,188,187,184,185,2
255,255,255,255,255,255,255,255,255,255,255,255,255,255,255,255,255,255,255,255,255,255,255,255,255,255,255,255,255,255,255,255,255,255,255,255,255,255,255,255,254,254,255,255,255,255,255,255,254,254,254,254,255,255,255,255,253,253,254,254,254,255,255,255,2
255,255,255,255,255,255,255,255,255,255,255,255,255,255,255,255,255,255,255,255,255,255,255,255,255,255,255,255,255,255,255,255,255,255,255,255,255,255,255,255,255,255,255,255,255,255,255,255,255,255,255,255,255,255,255,255,255,255,255,255,255,255,255,255,0
173,206,227,229,219,215,227,221,166,182,220,226,225,221,222,231,134,144,185,230,228,226,227,227,99,114,146,210,226,230,226,214,89,103,132,164,217,233,214,209,90,103,123,142,192,226,212,213,84,97,107,138,160,201,219,221,76,88,97,126,140,175,216,232,2
255,255,255,255,255,255,255,255,255,255,255,255,255,255,255,255,255,255,255,255,255,255,255,255,255,255,255,255,255,255,255,255,255,255,255,255,255,255,255,255,255,255,255,255,255,255,255,255,255,255,255,255,255,255,255,255,255,255,255,255,255,255,255,255,0
255,255,255,255,255,255,255,255,255,255,255,255,255,255,255,255,255,255,255,255,255,255,255,255,255,255,255,255,255,255,255,255,255,255,255,255,255,255,255,255,255,255,255,255,255,255,255,255,255,255,255,255,255,255,255,255,255,255,255,255,255,255,255,255,2
244,244,245,245,245,245,244,244,245,245,245,246,245,245,245,244,248,247,247,247,247,247,247,247,249,249,249,248,248,248,248,248,249,249,248,248,248,248,248,248,250,250,249,249,249,249,249,249,251,251,251,251,251,250,250,250,251,251,251,251,251,251,251,251,2
79,49,86,234,255,252,253,254,94,63,63,184,251,255,255,254,113,96,61,113,240,254,253,253,119,107,89,85,224,255,255,253,125,110,98,71,179,253,251,253,131,104,84,62,111,232,254,253,145,101,87,85,75,174,253,255,177,136,106,97,78,96,207,255,2
56,69,70,72,80,86,87,96,168,150,87,68,79,83,87,89,196,190,198,189,132,84,88,81,200,201,202,194,198,162,82,78,204,200,207,195,200,193,165,95,210,220,234,217,226,191,177,179,235,241,241,246,236,223,202,200,243,242,255,254,244,227,216,200,1
255,255,255,255,255,255,255,255,255,255,255,255,255,255,255,255,255,255,255,255,255,255,255,255,255,255,255,255,255,255,255,255,255,255,255,255,255,255,255,255,255,255,255,255,255,255,255,255,255,255,255,255,255,255,255,255,255,255,255,255,255,255,255,255,0
60,55,60,53,57,58,57,65,72,54,56,61,58,54,56,58,78,63,53,57,53,54,56,45,71,73,56,51,47,50,52,46,71,71,57,58,54,45,37,34,75,67,59,54,44,37,34,39,54,49,50,38,41,40,26,27,50,69,79,44,30,23,23,59,1
44,41,38,39,36,32,40,48,44,45,42,38,34,34,31,35,50,44,45,45,39,40,34,30,55,54,52,48,42,41,40,38,51,57,51,47,51,47,44,38,60,56,56,58,54,51,53,49,64,61,59,59,54,62,52,57,60,77,63,63,98,123,66,56,0
193,199,208,211,213,212,205,163,186,193,206,203,217,238,234,226,194,204,213,221,217,219,228,235,192,201,211,215,214,231,230,234,190,204,204,218,230,236,229,241,173,207,210,226,235,244,248,242,182,193,210,223,236,255,254,255,177,200,211,218,235,253,253,255,1
49,54,61,61,63,71,70,66,41,45,57,65,65,63,65,68,33,36,42,52,58,62,64,62,23,31,38,44,48,54,63,62,16,19,27,37,42,48,56,61,20,16,20,26,36,49,55,60,27,20,22,18,20,31,37,49,55,33,31,28,25,25,21,35,1
255,255,255,255,255,255,255,255,255,255,255,255,255,255,255,255,255,255,255,255,255,255,255,255,255,255,255,255,255,255,255,255,255,255,255,255,255,255,255,255,255,255,255,255,255,255,255,255,255,255,255,255,255,255,255,255,255,255,255,255,255,255,255,255,2
255,255,255,255,255,255,255,255,255,255,255,255,255,255,255,255,255,255,255,255,255,255,255,255,255,255,255,255,255,255,255,255,255,255,255,255,255,255,255,255,255,255,255,255,255,255,255,255,255,255,255,255,255,255,255,255,255,255,255,255,255,255,255,255,0
157,157,169,168,170,181,173,132,139,135,142,149,152,176,214,225,118,126,160,212,226,219,222,221,199,212,213,221,212,208,212,203,215,218,206,211,209,207,206,195,213,216,203,198,193,190,188,176,201,195,193,199,198,187,189,192,203,199,201,198,193,186,192,199,1
255,255,255,255,255,255,255,255,255,255,255,255,255,255,255,255,255,255,255,255,255,255,255,255,255,255,255,255,255,255,255,255,255,255,255,255,255,255,255,255,255,255,255,255,255,255,255,255,255,255,255,255,255,255,255,255,255,255,255,255,255,255,255,255,0
202,205,215,220,220,217,213,219,220,223,226,220,219,222,221,222,227,224,223,222,224,226,224,224,220,219,220,222,224,225,227,228,221,226,227,222,218,223,231,231,228,226,224,223,221,223,227,224,231,222,219,227,228,225,226,220,230,227,226,230,229,230,234,227,2
255,255,255,255,255,255,255,255,255,255,255,255,255,255,255,255,255,255,255,255,255,255,255,255,255,255,255,255,255,255,255,255,255,255,255,255,255,255,255,255,255,255,255,255,255,255,255,255,255,255,255,255,255,255,255,255,255,255,255,255,255,255,255,255,2
92,99,85,93,80,40,167,183,85,77,74,73,48,38,163,194,80,72,72,69,52,33,64,146,55,71,62,60,41,33,42,172,69,71,72,59,37,36,36,181,61,56,63,50,27,29,32,73,51,40,42,29,29,30,24,39,42,36,31,29,29,29,28,30,1
255,255,255,255,255,255,255,255,255,255,255,255,255,255,255,255,255,255,255,255,255,255,255,255,255,255,255,255,255,255,255,255,255,255,255,255,255,255,255,255,255,255,255,255,255,255,255,255,255,255,255,255,255,255,255,255,255,255,255,255,255,255,255,255,2
67,65,65,81,98,102,93,72,62,61,62,71,77,81,74,71,63,66,68,61,67,76,71,69,62,59,62,59,70,66,66,71,48,62,63,59,63,65,70,72,44,54,52,65,61,61,66,78,42,49,51,60,61,69,72,77,36,31,45,50,60,60,67,73,1
24,39,54,53,70,92,198,151,33,53,48,49,169,206,216,215,53,54,35,18,24,31,53,179,45,30,24,14,18,23,21,29,26,21,25,17,16,17,23,27,29,27,21,19,21,19,21,24,109,23,25,18,18,15,28,21,231,188,31,23,16,24,36,40,1
255,254,254,255,255,255,255,255,255,255,255,255,255,254,254,254,254,255,255,254,254,254,255,255,255,255,255,254,252,251,250,250,246,244,242,241,239,237,234,232,234,228,221,214,211,209,207,206,199,196,193,192,194,198,202,203,200,202,207,212,216,218,219,219,2
217,217,218,218,218,218,218,218,222,222,222,222,222,222,222,222,227,227,227,227,226,226,226,226,231,231,231,230,230,230,230,229,235,235,235,234,234,234,233,233,237,237,237,236,236,236,235,235,238,238,238,238,237,237,237,236,241,241,241,241,240,240,239,239,2
255,255,255,255,255,255,255,255,255,255,255,255,255,255,255,255,255,255,255,255,255,255,255,255,255,255,255,255,255,255,255,255,255,255,255,255,255,255,255,255,255,255,255,255,255,255,255,255,255,255,255,255,255,255,255,255,255,255,255,255,255,255,255,255,0
63,61,52,53,59,58,57,59,85,88,74,60,56,56,58,58,66,89,90,74,66,68,67,58,56,65,72,78,76,66,61,60,73,63,59,73,83,75,68,64,74,68,60,63,73,80,78,67,79,74,68,69,69,69,77,81,71,75,77,77,69,64,72,77,2
80,90,82,89,91,71,86,88,94,82,86,83,88,91,82,85,68,88,83,86,84,89,82,122,64,70,75,84,82,82,94,82,71,80,77,72,68,71,75,81,31,63,93,81,87,75,88,108,47,44,53,83,98,86,78,91,43,42,38,41,62,96,87,77,1
161,164,168,172,174,177,179,182,168,170,174,177,179,182,184,187,175,178,180,183,185,187,190,192,181,183,186,188,190,192,194,196,187,189,191,194,195,197,198,199,192,194,196,198,200,201,201,202,198,199,200,202,203,203,204,204,202,203,204,204,205,205,206,207,2
255,255,255,255,255,255,255,255,255,255,255,255,255,255,255,255,255,255,255,255,255,255,255,255,255,255,255,255,255,255,255,255,255,255,255,255,255,255,255,255,255,255,255,255,255,255,255,255,255,255,255,255,255,255,255,255,255,255,255,255,255,255,255,255,0
255,255,255,255,255,255,255,255,255,255,255,255,255,255,255,255,255,255,255,255,255,255,255,255,255,255,255,255,255,255,255,255,255,255,255,255,255,255,255,255,255,255,255,255,255,255,255,255,255,255,255,255,255,255,255,255,255,255,255,255,255,255,255,255,0
39,45,104,107,58,63,63,68,37,39,56,121,110,62,68,63,43,36,41,47,157,96,77,88,44,40,44,43,54,163,133,129,49,42,48,45,42,57,200,132,50,50,44,43,45,47,51,178,41,45,52,46,49,41,45,49,44,45,51,48,54,45,46,45,1
255,255,255,255,255,255,255,255,255,255,255,255,255,255,255,255,255,255,255,255,255,255,255,255,255,255,255,255,255,255,255,255,255,255,255,255,255,255,255,255,255,255,255,255,255,255,255,255,255,255,255,255,255,255,255,255,255,255,255,255,255,255,255,255,2
192,250,119,105,110,102,103,93,234,190,243,242,183,113,104,110,255,227,191,218,241,254,238,220,250,255,228,205,228,252,249,245,255,254,252,241,225,205,243,254,255,250,255,250,245,238,184,247,250,255,254,255,250,252,245,214,254,254,255,252,255,252,251,248,1
109,126,117,107,112,154,214,229,93,99,101,113,143,188,223,227,94,98,98,106,103,113,171,221,88,84,93,97,99,104,117,144,84,87,87,92,93,91,100,109,79,85,95,91,98,110,101,92,81,82,84,89,87,85,91,91,70,71,74,76,75,81,89,87,0
255,255,255,255,255,255,255,255,255,255,255,255,255,255,255,255,255,255,255,255,255,255,255,255,255,255,255,255,255,255,255,255,255,255,255,255,255,255,255,255,255,255,255,255,255,255,255,255,255,255,255,255,255,255,255,255,255,255,255,255,255,255,255,255,0
124,127,143,145,146,156,165,175,98,105,120,120,116,117,115,119,86,93,102,98,94,94,89,93,79,84,87,81,79,78,72,73,66,73,79,81,85,84,76,73,46,49,53,59,66,67,62,58,60,55,51,52,52,49,46,42,71,65,63,65,62,56,53,47,2
174,179,173,184,185,192,199,188,180,172,172,178,172,186,201,201,181,174,160,150,155,171,183,204,184,172,149,126,132,161,171,168,181,208,210,194,193,207,210,191,172,200,206,214,224,213,212,206,180,181,195,221,215,185,188,189,184,179,180,198,199,167,162,167,2
255,255,255,255,255,255,255,255,255,255,255,255,255,255,255,255,255,255,255,255,255,255,255,255,255,255,255,255,255,255,255,255,255,255,255,255,255,255,255,255,255,255,255,255,255,255,255,255,255,255,255,255,255,255,255,255,255,255,255,255,255,255,255,255,0
255,255,255,255,255,255,255,255,255,255,255,255,255,255,255,255,255,255,255,255,255,255,255,255,255,255,255,255,255,255,255,255,255,255,255,255,255,255,255,255,255,255,255,255,255,255,255,255,255,255,255,255,255,255,255,255,255,255,255,255,255,255,255,255,0
39,50,53,55,57,56,66,68,34,38,51,53,61,59,54,81,34,32,33,42,44,51,63,58,36,39,38,41,42,46,57,60,50,35,38,41,46,49,55,54,92,41,36,33,38,37,40,46,195,46,38,38,36,41,36,40,250,81,43,41,42,39,44,40,1
139,137,84,34,25,28,46,68,132,135,71,34,20,23,43,67,113,140,61,31,26,26,39,62,104,137,48,24,24,21,40,52,106,79,45,32,21,23,28,52,87,64,37,23,26,23,31,46,79,45,32,23,24,19,31,42,213,201,125,34,31,28,21,36,1
255,255,255,255,255,255,255,255,255,255,255,255,255,255,255,255,255,255,255,255,255,255,255,255,255,255,255,255,255,255,255,255,255,255,255,255,255,255,255,255,255,255,255,255,255,255,255,255,255,255,255,255,255,255,255,255,255,255,255,255,255,255,255,255,0
255,255,255,255,255,255,255,255,255,255,255,255,255,255,255,255,255,255,255,255,255,255,255,255,255,255,255,255,255,255,255,255,255,255,255,255,255,255,255,255,255,255,255,255,255,255,255,255,255,255,255,255,255,255,255,255,255,255,255,255,255,255,255,255,0
255,255,255,255,255,255,255,255,255,255,255,255,255,255,255,255,255,255,255,255,255,255,255,255,255,255,255,255,255,255,255,255,255,255,255,255,255,255,255,255,255,255,255,255,255,255,255,255,255,255,255,255,255,255,255,255,255,255,255,255,255,255,255,255,0
255,255,255,255,255,255,255,255,255,255,255,255,255,255,255,255,255,255,255,255,255,255,255,255,255,255,255,255,255,255,255,255,255,255,255,255,255,255,255,255,255,255,255,255,255,255,255,255,255,255,255,255,255,255,255,255,255,255,255,255,255,255,255,255,2
255,252,250,249,245,239,235,235,254,252,250,247,243,238,235,235,254,253,249,245,240,237,235,235,253,252,248,243,239,237,235,234,252,250,247,242,238,237,235,234,251,248,244,241,238,237,235,234,250,246,241,239,238,236,235,235,250,244,239,238,238,236,235,235,2
20,19,34,20,16,14,22,40,19,18,31,18,16,14,31,43,18,17,31,18,18,19,42,48,16,15,31,21,17,28,48,52,14,11,29,21,14,38,48,55,14,11,28,21,13,45,51,61,13,12,28,23,19,49,57,66,11,13,28,25,26,51,62,67,1
255,255,255,255,255,255,255,255,255,255,255,255,255,255,255,255,255,255,255,255,255,255,255,255,255,255,255,255,255,255,255,255,255,255,255,255,255,255,255,255,255,255,255,255,255,255,255,255,255,255,255,255,255,255,255,255,255,255,255,255,255,255,255,255,2
255,255,255,255,255,255,255,255,255,255,255,255,255,255,255,255,255,255,255,255,255,255,255,255,255,255,255,255,255,255,255,255,255,255,255,255,255,255,255,255,255,255,255,255,255,255,255,255,255,255,255,255,255,255,255,255,255,255,255,255,255,255,255,255,0
83,86,84,83,84,80,68,157,86,82,85,81,80,82,72,118,84,83,82,84,80,79,77,92,88,86,89,86,88,78,89,75,93,90,88,89,85,90,76,47,97,96,90,90,91,89,43,34,104,102,103,94,97,58,34,39,106,106,98,107,68,33,39,38,1
253,253,253,253,253,253,253,253,253,253,253,253,253,253,253,253,254,254,254,254,254,254,254,254,254,254,254,254,254,254,254,254,254,254,254,254,254,254,254,254,254,254,254,254,254,254,254,254,255,255,255,255,255,255,255,255,255,255,255,255,255,255,255,255,2
67,62,74,92,74,76,84,80,62,59,85,83,79,76,77,82,66,63,52,78,84,71,74,77,61,58,58,82,81,91,79,79,62,63,60,45,72,97,80,76,63,60,52,59,74,73,89,85,61,54,55,55,44,79,107,83,56,62,58,55,54,61,66,99,1
255,255,255,255,255,255,255,255,255,255,255,255,255,255,255,255,255,255,255,255,255,255,255,255,255,255,255,255,255,255,255,255,255,255,255,255,255,255,255,255,255,255,255,255,255,255,255,255,255,255,255,255,255,255,255,255,255,255,255,255,255,255,255,255,2
34,33,33,35,33,41,48,35,33,33,33,35,34,41,45,35,36,35,34,35,35,37,38,31,38,37,35,35,35,33,31,30,37,36,35,34,35,32,30,34,37,36,36,34,33,31,29,35,36,35,37,34,29,27,26,32,34,32,36,33,26,24,24,30,1
255,255,255,255,255,255,255,255,255,255,255,255,255,255,255,255,255,255,255,255,255,255,255,255,255,255,255,255,255,255,255,255,255,255,255,255,255,255,255,255,255,255,255,255,255,255,255,255,255,255,255,255,255,255,255,255,255,255,255,255,255,255,255,255,2
51,47,52,193,239,242,238,233,44,44,102,233,234,231,245,228,39,40,191,232,226,236,250,234,38,84,219,232,228,233,238,240,63,181,223,228,222,225,237,240,68,212,221,225,230,220,232,232,109,240,230,225,223,223,229,218,163,239,240,228,229,227,215,223,1
234,231,230,227,225,225,222,221,237,235,234,231,230,230,227,227,241,240,240,236,235,236,234,235,246,244,244,241,240,241,240,240,250,248,248,245,243,244,242,243,252,251,251,247,246,247,244,244,255,253,253,250,250,250,248,247,255,254,254,252,252,253,250,250,0
98,110,149,183,87,98,64,52,183,108,113,147,227,130,61,52,197,157,110,121,141,226,156,49,172,190,159,128,136,172,205,195,134,172,188,133,140,153,193,211,114,133,169,199,152,145,162,211,100,116,160,174,160,155,154,176,93,107,150,163,171,186,202,156,1
255,255,255,255,255,255,255,255,255,255,255,255,255,255,255,255,255,255,255,255,255,255,255,255,255,255,255,255,255,255,255,255,255,255,255,255,255,255,255,255,255,255,255,255,255,255,255,255,255,255,255,255,255,255,255,255,255,255,255,255,255,255,255,255,0
255,255,255,255,255,255,255,255,255,255,255,255,255,255,255,255,255,255,255,255,255,255,255,255,255,255,255,255,255,255,255,255,255,255,255,255,255,255,255,255,255,255,255,255,255,255,255,255,255,255,255,255,255,255,255,255,255,255,255,255,255,255,255,255,2
51,37,36,44,45,43,45,47,42,36,37,42,41,40,43,45,34,35,36,37,38,40,42,43,34,35,34,33,38,42,41,40,37,35,32,32,36,39,39,39,36,31,28,30,33,36,39,42,37,27,24,27,30,35,40,41,42,28,22,24,28,35,38,34,1
126,151,138,207,162,192,224,126,120,140,169,129,187,171,230,166,114,121,146,159,197,160,228,224,120,124,166,136,166,189,170,184,119,116,141,156,184,190,186,190,119,125,155,200,196,167,211,172,102,130,142,158,199,200,211,243,111,101,152,141,161,194,210,218,1
191,61,75,81,65,71,74,68,74,55,56,57,63,65,72,69,48,51,68,79,74,63,59,64,49,57,60,75,81,70,66,67,53,57,56,67,87,75,66,65,54,53,58,60,81,82,78,66,50,56,54,78,105,77,73,68,53,52,57,61,80,73,68,75,0
99,123,136,118,69,36,44,68,49,49,51,48,63,84,125,149,104,106,111,108,108,91,81,67,71,72,71,76,78,84,97,107,66,67,67,70,69,67,69,71,62,63,64,57,63,62,68,62,61,62,62,52,55,54,62,58,59,61,59,62,62,61,60,56,1
255,255,255,255,255,255,255,255,255,255,255,255,255,255,255,255,255,255,255,255,255,255,255,255,255,255,255,255,255,255,255,255,255,255,255,255,255,255,255,255,255,255,255,255,255,255,255,255,255,255,255,255,255,255,255,255,255,255,255,255,255,255,255,255,0
255,255,255,255,255,255,255,255,255,255,255,255,255,255,255,255,255,255,255,255,255,255,255,255,255,255,255,255,255,255,255,255,255,255,255,255,255,255,255,255,255,255,255,255,255,255,255,255,255,255,255,255,255,255,255,255,255,255,255,255,255,255,255,255,2
255,255,255,255,255,255,255,255,255,255,255,255,255,255,255,255,255,255,255,255,255,255,255,255,255,255,255,255,255,255,255,255,255,255,255,255,255,255,255,255,255,255,255,255,255,255,255,255,255,255,255,255,255,255,255,255,255,255,255,255,255,255,255,255,2
21,34,44,49,42,38,42,40,25,36,41,47,47,39,39,54,21,33,37,42,46,44,38,50,19,30,31,37,38,44,41,36,23,31,28,33,34,38,40,33,17,31,29,26,31,34,37,34,24,27,32,23,29,32,33,33,49,23,34,27,27,28,30,33,1
255,255,255,255,255,255,255,255,255,255,255,255,255,255,255,255,255,255,255,255,255,255,255,255,255,255,255,255,255,255,255,255,255,255,255,255,255,255,255,255,255,255,255,255,255,255,255,255,255,255,255,255,255,255,255,255,255,255,255,255,255,255,255,255,0
89,29,36,59,93,125,134,93,47,27,33,53,94,125,118,90,30,29,34,46,76,115,109,85,25,24,31,47,70,107,101,72,19,24,30,42,58,73,80,91,22,21,36,72,98,95,92,103,21,16,39,77,88,83,78,74,19,16,31,55,57,67,73,66,1
25,24,24,24,24,21,19,19,32,31,29,26,23,21,24,28,31,31,30,29,27,29,35,41,33,32,31,31,32,33,35,37,31,30,29,29,29,31,32,33,24,25,26,25,25,29,35,39,26,27,28,28,29,34,40,43,28,29,30,33,39,44,46,46,2
187,239,215,120,78,43,41,41,249,248,191,67,41,35,41,42,186,67,36,43,42,44,52,43,27,23,28,39,45,50,47,43,18,26,33,38,48,49,57,48,13,25,34,42,57,61,54,55,18,17,34,47,46,60,61,60,21,18,30,37,51,58,63,59,1
33,31,33,32,29,51,76,59,22,16,18,20,18,140,71,56,16,14,14,15,68,95,68,58,18,20,19,32,115,66,51,58,17,19,23,98,76,62,58,56,30,27,46,138,69,57,68,62,30,30,114,125,62,62,56,60,32,73,153,94,56,60,55,57,1
99,50,26,23,20,31,60,93,102,86,179,39,24,48,61,77,93,83,101,107,41,52,69,89,89,91,95,58,55,63,70,96,84,92,95,81,61,64,77,93,87,86,87,76,66,72,76,97,82,88,91,78,83,76,78,104,82,87,88,75,79,83,84,92,1
197,221,229,231,233,234,236,238,162,186,207,225,231,235,241,231,132,153,183,219,237,238,241,237,113,132,154,180,206,215,224,243,94,114,133,137,158,181,190,210,78,90,112,120,138,161,166,175,66,74,88,101,118,133,144,158,55,80,85,87,95,97,112,134,2
71,68,72,74,79,81,75,74,65,66,75,75,75,78,74,73,68,62,64,70,71,72,70,68,65,60,60,74,68,57,65,74,60,60,56,75,67,53,66,76,60,62,51,61,58,57,66,71,55,62,57,52,51,63,64,72,56,59,59,53,61,82,66,71,0
173,185,197,199,194,187,182,179,166,182,187,193,205,202,187,177,159,171,176,183,191,193,188,176,160,172,175,176,176,183,182,161,166,190,191,175,171,175,171,157,143,154,163,158,149,147,149,150,157,132,131,138,136,135,136,141,219,176,143,124,123,127,129,144,2
35,31,25,23,43,48,48,55,31,29,31,28,39,45,52,55,40,35,29,29,24,41,47,51,46,36,39,27,29,29,40,40,46,42,45,32,34,25,33,40,48,48,40,38,31,31,26,39,47,45,45,39,43,33,27,28,49,46,49,42,41,35,32,30,1
255,255,255,255,255,255,255,255,255,255,255,255,255,255,255,255,255,255,255,255,255,255,255,255,255,255,255,255,255,255,255,255,255,255,255,255,255,255,255,255,255,255,255,255,255,255,255,255,255,255,255,255,255,255,255,255,255,255,255,255,255,255,255,255,0
72,84,119,114,85,64,58,65,73,92,120,109,96,85,85,96,78,93,115,107,91,73,73,84,72,107,111,93,83,70,60,72,76,110,108,97,71,65,64,75,79,119,104,96,69,64,74,110,86,128,109,89,59,79,103,118,101,139,110,84,59,70,70,57,1
23,18,22,26,29,32,37,47,171,157,133,95,61,47,52,67,92,95,91,93,130,180,192,178,87,88,89,87,85,85,86,88,85,86,84,81,81,83,85,84,78,80,80,82,80,78,81,83,83,83,79,81,82,79,80,77,80,84,82,82,79,77,79,77,1
71,72,76,72,71,68,74,78,76,73,72,67,68,68,74,78,74,72,75,76,76,69,67,67,80,75,74,75,76,74,79,86,82,83,81,80,79,81,80,79,83,85,79,74,76,88,87,79,87,88,81,77,76,85,83,78,77,76,73,77,74,75,75,80,2
180,180,179,178,177,176,174,172,187,186,185,184,183,182,180,179,193,192,191,190,190,189,188,188,198,197,197,196,196,195,195,194,204,203,203,202,202,201,200,199,210,210,209,209,208,207,206,205,216,215,214,214,214,213,212,211,220,219,218,218,218,218,218,217,2
255,255,255,255,255,255,255,255,255,255,255,255,255,255,255,255,255,255,255,255,255,255,255,255,255,255,255,255,255,255,255,255,255,255,255,255,255,255,255,255,255,255,255,255,255,255,255,255,255,255,255,255,255,255,255,255,255,255,255,255,255,255,255,255,2
255,255,255,255,255,255,255,255,255,255,255,255,255,255,255,255,255,255,255,255,255,255,255,255,255,255,255,255,255,255,255,255,255,255,255,255,255,255,255,255,255,255,255,255,255,255,255,255,255,255,255,255,255,255,255,255,255,255,255,255,255,255,255,255,2
255,255,255,255,255,255,255,255,255,255,255,255,255,255,255,255,255,255,255,255,255,255,255,255,255,255,255,255,255,255,255,255,255,255,255,255,255,255,255,255,255,255,255,255,255,255,255,255,255,255,255,255,255,255,255,255,255,255,255,255,255,255,255,255,0
255,255,255,255,255,255,255,255,255,255,255,255,255,255,255,255,255,255,255,255,255,255,255,255,255,255,255,255,255,255,255,255,255,255,255,255,255,255,255,255,255,255,255,255,255,255,255,255,255,255,255,255,255,255,255,255,255,255,255,255,255,255,255,255,0
255,255,255,255,255,255,255,255,255,255,255,255,255,255,255,255,255,255,255,255,255,255,255,255,255,255,255,255,255,255,255,255,255,255,255,255,255,255,255,255,255,255,255,255,255,255,255,255,255,255,255,255,255,255,255,255,255,255,255,255,255,255,255,255,2
255,255,255,255,255,255,255,255,255,255,255,255,255,255,255,255,255,255,255,255,255,255,255,255,255,255,255,255,255,255,255,255,255,255,255,255,255,255,255,255,255,255,255,255,255,255,255,255,255,255,255,255,255,255,255,255,255,255,255,255,255,255,255,255,2
254,255,250,243,241,238,168,85,255,253,250,245,243,232,219,84,246,246,246,239,238,233,227,117,232,231,236,228,236,233,230,132,224,221,222,221,229,227,223,130,204,206,205,214,221,227,215,111,197,200,202,209,218,212,210,95,185,184,191,202,211,206,191,179,1
239,239,239,239,239,238,238,237,239,239,239,239,239,238,237,237,239,239,239,239,239,238,238,238,240,240,240,240,240,239,239,239,240,240,240,240,240,240,240,239,240,240,240,240,240,240,240,240,240,240,240,240,240,240,240,240,241,241,241,241,241,241,241,241,2
35,34,23,22,28,29,32,36,36,36,31,18,23,23,31,32,57,43,35,29,23,25,27,32,140,135,96,59,35,22,27,27,195,177,166,148,100,22,25,26,211,197,189,168,154,79,13,14,218,204,189,174,156,97,18,17,236,202,160,174,148,65,27,16,1
208,208,213,212,205,208,212,206,200,200,205,204,192,177,171,168,219,215,213,214,207,185,166,161,227,224,216,212,209,194,180,180,225,230,225,216,206,192,189,200,224,225,224,220,211,194,185,186,223,216,214,214,213,206,190,173,223,216,211,206,207,215,209,187,2
77,106,101,111,195,67,88,99,93,97,85,61,197,80,69,128,91,74,58,58,185,113,67,173,83,49,57,66,201,171,69,145,56,50,48,60,172,168,54,101,44,46,48,60,117,153,59,65,49,45,53,56,43,117,48,55,49,48,47,54,50,44,30,53,1
161,161,160,159,158,157,157,157,169,169,168,167,167,166,166,165,177,177,177,176,175,175,174,174,184,184,183,183,182,182,181,181,192,192,191,191,191,190,190,189,199,199,199,199,198,198,197,197,205,205,205,205,205,205,204,204,210,211,211,210,210,210,209,209,2
50,53,48,49,51,63,50,41,28,29,27,31,37,50,52,58,12,12,15,24,36,47,50,54,15,11,10,12,26,40,44,47,12,12,13,13,20,29,35,41,21,17,14,13,13,18,25,39,21,20,18,22,19,19,14,20,25,27,24,25,20,25,18,19,1
255,255,255,255,255,255,255,255,255,255,255,255,255,255,255,255,255,255,255,255,255,255,255,255,255,255,255,255,255,255,255,255,255,255,255,255,255,255,255,255,255,255,255,255,255,255,255,255,255,255,255,255,255,255,255,255,255,255,255,255,255,255,255,255,2
255,255,255,255,255,255,255,255,255,255,255,255,255,255,255,255,255,255,255,255,255,255,255,255,255,255,255,255,255,255,255,255,255,255,255,255,255,255,255,255,255,255,255,255,255,255,255,255,255,255,255,255,255,255,255,255,255,255,255,255,255,255,255,255,2
255,255,255,255,255,255,255,255,255,255,255,255,255,255,255,255,255,255,255,255,255,255,255,255,255,255,255,255,255,255,255,255,255,255,255,255,255,255,255,255,255,255,255,255,255,255,255,255,255,255,255,255,255,255,255,255,255,255,255,255,255,255,255,255,0
95,101,109,91,88,79,66,66,171,186,195,179,155,115,89,64,174,183,199,201,196,184,162,111,194,183,186,199,212,200,186,167,166,172,190,197,198,201,192,132,169,159,189,179,187,205,160,98,148,146,162,172,179,170,136,74,131,136,153,155,170,149,96,67,1
20,18,34,20,19,18,15,15,16,15,31,23,22,19,16,17,15,20,34,21,16,17,16,15,17,24,31,21,18,22,18,12,18,28,28,20,16,17,15,15,13,32,26,20,20,23,16,16,18,35,20,17,19,19,14,24,17,34,21,24,19,21,58,124,1
109,103,98,93,88,85,83,80,115,109,104,100,95,91,88,85,122,117,112,109,105,101,97,93,129,124,120,117,113,110,106,102,135,130,126,124,120,117,114,111,141,136,133,130,126,123,121,119,146,143,140,138,133,131,129,127,151,148,146,144,140,138,136,135,2
35,21,22,23,27,27,30,29,40,27,19,21,20,26,22,21,40,33,23,18,13,18,15,16,41,37,31,17,15,14,14,14,48,43,35,20,19,18,17,15,54,49,39,28,17,19,16,17,55,50,44,35,19,18,15,18,58,48,47,38,28,19,18,15,1
255,255,255,255,255,255,255,255,255,255,255,255,255,255,255,255,255,255,255,255,255,255,255,255,255,255,255,255,255,255,255,255,255,255,255,255,255,255,255,255,255,255,255,255,255,255,255,255,255,255,255,255,255,255,255,255,255,255,255,255,255,255,255,255,2
69,73,74,69,70,70,75,73,59,56,53,54,60,58,61,59,48,46,44,44,45,42,46,46,39,44,45,39,36,33,39,39,32,35,37,35,36,33,37,34,31,30,31,35,39,34,36,35,33,33,35,38,41,35,37,38,34,36,37,37,40,38,41,38,1
114,135,124,149,194,192,197,204,138,133,110,150,168,170,192,188,132,107,119,138,150,156,165,192,117,86,97,113,128,131,139,160,106,77,79,108,103,112,125,114,76,74,77,81,92,96,87,93,80,76,80,75,75,73,78,67,82,89,92,87,71,66,59,53,1
118,118,118,117,117,116,115,115,125,125,124,123,122,121,121,120,132,131,130,129,128,127,126,125,137,136,134,133,132,130,129,128,141,140,138,136,135,134,132,131,145,143,142,140,139,137,136,134,149,147,145,144,143,141,140,138,153,151,149,147,146,145,143,142,2
172,153,135,137,153,164,151,129,206,196,180,173,185,196,179,148,224,222,212,202,207,216,201,173,222,224,222,217,214,217,212,201,216,220,225,224,219,216,217,218,214,217,222,223,220,219,219,217,217,217,217,215,216,220,219,213,222,218,211,207,208,214,215,211,2
255,255,255,255,255,255,255,255,255,255,255,255,255,255,255,255,255,255,255,255,255,255,255,255,255,255,255,255,255,255,255,255,255,255,255,255,255,255,255,255,255,255,255,255,255,255,255,255,255,255,255,255,255,255,255,255,255,255,255,255,255,255,255,255,2
45,55,61,61,60,59,60,57,42,50,55,60,62,60,57,50,40,47,52,56,55,52,51,48,25,35,46,55,55,51,51,51,23,26,31,41,48,47,47,44,26,23,18,22,28,30,31,28,25,26,24,24,23,21,21,18,42,43,38,33,27,23,22,19,1
240,240,240,239,239,239,239,238,241,241,241,240,240,240,240,239,242,243,242,242,241,242,241,240,243,244,244,243,243,243,243,242,244,244,244,244,244,244,244,243,245,245,245,245,245,245,245,244,246,246,246,246,246,246,246,246,246,247,247,247,247,247,247,246,2
255,255,255,255,255,255,255,255,255,255,255,255,255,255,255,255,255,255,255,255,255,255,255,255,255,255,255,255,255,255,255,255,255,255,255,255,255,255,255,255,255,255,255,255,255,255,255,255,255,255,255,255,255,255,255,255,255,255,255,255,255,255,255,255,0
63,65,60,64,61,67,68,59,63,66,66,67,63,64,65,62,57,59,64,63,65,64,63,66,50,50,57,54,62,62,59,61,42,44,50,46,54,55,51,51,26,32,38,37,41,44,45,46,14,20,23,29,28,31,35,37,15,16,15,24,19,20,24,23,1
211,203,199,196,188,201,244,254,213,207,197,193,182,171,197,247,218,214,201,191,181,160,153,197,226,219,210,196,185,171,144,142,235,224,219,206,189,175,156,132,238,232,226,213,196,177,167,145,240,240,232,219,206,191,175,156,246,241,234,227,214,204,183,166,2
76,74,75,70,77,72,73,70,71,72,74,72,74,73,72,69,70,69,71,73,74,68,65,64,67,67,71,69,73,68,68,64,59,71,75,70,71,70,66,61,56,65,59,59,58,65,66,80,57,64,60,60,68,61,54,64,60,66,62,47,75,71,68,65,0
66,79,111,173,176,100,82,58,108,156,190,213,238,234,166,86,152,179,209,213,227,220,207,156,147,166,179,196,206,213,215,199,182,157,174,191,194,204,214,204,80,119,184,180,191,194,193,187,95,93,90,222,168,186,187,173,85,90,84,95,98,169,171,129,1
153,140,138,178,232,224,202,182,153,144,137,161,209,222,219,205,156,153,145,155,183,201,206,196,162,155,150,164,183,195,192,177,163,158,161,175,182,186,183,174,161,160,169,176,178,180,184,180,174,166,172,178,191,198,199,188,197,188,192,190,198,198,199,192,2
112,113,124,133,128,120,131,126,110,112,117,120,120,126,143,137,104,105,106,108,110,117,129,122,101,99,98,102,102,99,99,93,105,101,96,97,95,91,88,86,105,105,97,91,88,90,88,89,102,108,100,89,84,88,86,88,104,111,103,91,83,86,83,88,2
71,71,68,71,67,56,56,58,64,70,77,61,51,61,61,60,68,63,64,65,60,57,61,61,68,63,54,62,67,62,62,57,76,71,66,61,69,74,64,67,77,71,62,62,67,62,55,59,75,74,65,69,69,60,56,46,79,65,72,77,70,63,56,52,2
34,22,20,24,30,36,42,41,42,23,21,24,35,35,43,40,56,22,23,42,44,48,40,33,72,25,23,37,59,52,43,42,100,24,29,49,60,57,52,144,112,27,25,51,80,133,185,186,87,36,57,148,184,172,158,136,104,148,184,174,148,120,89,46,1
255,255,255,255,255,255,255,255,255,255,255,255,255,255,255,255,255,255,255,255,255,255,255,255,255,255,255,255,255,255,255,255,255,255,255,255,255,255,255,255,255,255,255,255,255,255,255,255,255,255,255,255,255,255,255,255,255,255,255,255,255,255,255,255,0
142,141,140,138,137,135,133,132,146,144,143,141,140,138,137,136,149,148,146,144,142,141,139,139,153,151,149,147,144,142,141,140,156,154,153,151,148,146,144,142,158,157,156,154,152,150,148,147,160,159,158,156,155,153,151,150,163,162,160,158,157,155,153,152,2
79,94,78,76,88,111,162,171,81,85,84,83,79,165,206,136,75,86,83,99,85,113,70,68,83,71,90,89,89,73,54,67,82,91,74,82,79,66,62,62,92,85,58,57,67,71,83,65,69,53,80,90,85,66,71,68,64,73,96,108,102,77,60,73,0
195,189,182,181,178,169,168,169,202,194,185,183,189,195,198,201,203,197,193,190,197,207,211,220,208,198,196,192,193,199,207,225,213,195,195,198,195,195,205,230,194,184,203,221,210,193,195,213,165,166,199,226,209,182,178,183,155,152,178,204,189,169,171,172,2
147,154,155,149,160,173,165,182,141,159,156,155,148,175,173,179,144,148,148,156,146,178,177,174,141,149,156,149,155,162,175,156,139,157,162,168,137,165,166,92,124,148,164,152,145,164,126,50,115,126,146,137,138,151,113,91,106,109,116,138,172,192,207,232,1
255,255,255,255,255,255,255,255,255,255,255,255,255,255,255,255,255,255,255,255,255,255,255,255,255,255,255,255,255,255,255,255,255,255,255,255,255,255,255,255,255,255,255,255,255,255,255,255,255,255,255,255,255,255,255,255,255,255,255,255,255,255,255,255,2
255,255,255,255,255,255,255,255,255,255,255,255,255,255,255,255,255,255,255,255,255,255,255,255,255,255,255,255,255,255,255,255,255,255,255,255,255,255,255,255,255,255,255,255,255,255,255,255,255,255,255,255,255,255,255,255,255,255,255,255,255,255,255,255,0
255,255,255,255,255,255,255,255,255,255,255,255,255,255,255,255,255,255,255,255,255,255,255,255,255,255,255,255,255,255,255,255,255,255,255,255,255,255,255,255,255,255,255,255,255,255,255,255,255,255,255,255,255,255,255,255,255,255,255,255,255,255,255,255,2
255,255,255,255,255,255,255,255,255,255,255,255,255,255,255,255,255,255,255,255,255,255,255,255,255,255,255,255,255,255,255,255,255,255,255,255,255,255,255,255,255,255,255,255,255,255,255,255,255,255,255,255,255,255,255,255,255,255,255,255,255,255,255,255,2
128,107,116,123,119,98,90,89,79,68,118,116,119,84,96,93,56,109,120,101,121,106,114,112,78,128,112,106,86,75,71,83,111,122,118,132,100,60,60,66,124,120,143,180,116,71,51,76,128,121,141,111,103,80,69,88,130,125,109,96,95,71,114,88,0
220,205,183,122,48,30,28,31,201,204,186,142,46,26,32,37,183,173,176,135,34,35,41,36,158,173,157,83,21,17,24,18,130,141,122,32,23,21,25,20,91,98,40,25,25,26,19,20,61,37,28,30,30,23,30,26,37,31,37,31,28,30,28,26,1
255,255,255,255,255,255,255,255,255,255,255,255,255,255,255,255,255,255,255,255,255,255,255,255,255,255,255,255,255,255,255,255,255,255,255,255,255,255,255,255,255,255,255,255,255,255,255,255,255,255,255,255,255,255,255,255,255,255,255,255,255,255,255,255,0
255,255,255,255,255,255,255,255,255,255,255,255,255,255,255,255,255,255,255,255,255,255,255,255,255,255,255,255,255,255,255,255,255,255,255,255,255,255,255,255,255,255,255,255,255,255,255,255,255,255,255,255,255,255,255,255,255,255,255,255,255,255,255,255,2
255,255,255,255,255,255,255,255,255,255,255,255,255,255,255,255,255,255,255,255,255,255,255,255,255,255,255,255,255,255,255,255,255,255,255,255,255,255,255,255,255,255,255,255,255,255,255,255,255,255,255,255,255,255,255,255,255,255,255,255,255,255,255,255,0
255,255,255,255,255,255,255,255,255,255,255,255,255,255,255,255,255,255,255,255,255,255,255,255,255,255,255,255,255,255,255,255,255,255,255,255,255,255,255,255,255,255,255,255,255,255,255,255,255,255,255,255,255,255,255,255,255,255,255,255,255,255,255,255,2
47,51,40,35,36,49,74,91,41,38,47,35,42,35,37,46,50,35,39,45,51,35,34,30,172,52,37,37,40,43,38,34,107,148,80,40,43,35,35,43,85,96,129,96,34,46,33,34,86,92,94,130,97,26,52,38,81,83,89,99,113,108,26,41,1
96,63,49,43,49,81,76,122,63,56,51,40,48,82,81,96,54,47,47,39,44,88,84,72,59,50,46,38,39,96,85,82,46,47,45,43,55,102,86,86,50,46,50,57,67,93,96,91,49,51,68,79,86,97,98,89,58,63,57,54,87,118,97,91,1
0,21,75,90,82,92,93,98,5,22,61,90,88,76,64,92,0,21,51,70,59,56,71,78,4,25,48,65,65,53,84,78,2,25,33,44,73,55,64,78,2,24,40,30,52,71,66,77,1,18,53,43,46,76,72,71,0,25,54,42,56,68,62,61,2
92,39,90,129,228,247,235,230,62,50,115,190,238,237,237,226,55,91,131,229,240,238,229,224,61,107,202,217,234,232,222,209,87,157,232,217,218,225,213,218,115,217,236,229,207,195,208,225,186,239,232,213,186,203,219,216,218,224,211,196,190,197,201,199,1
48,50,51,53,55,56,57,60,48,50,51,53,55,55,55,57,45,48,50,53,55,55,54,57,43,47,49,52,54,54,54,56,44,46,48,50,52,52,52,54,43,45,46,48,51,52,53,56,44,45,45,47,52,54,55,58,48,48,48,49,53,54,54,56,0
27,34,30,32,40,31,34,35,33,30,35,45,40,41,39,38,44,43,42,47,42,43,44,42,47,54,50,51,51,48,66,61,53,54,57,60,49,44,67,63,60,58,62,65,54,51,57,74,68,69,66,63,59,51,40,63,67,70,72,68,69,56,49,53,1
242,242,242,242,242,242,242,242,244,244,244,243,243,243,243,243,246,246,245,245,245,245,245,245,247,247,247,247,247,247,247,247,248,248,248,248,248,248,248,248,249,249,249,249,249,249,249,249,250,250,250,249,249,249,249,249,250,250,250,250,250,250,250,250,2
30,34,32,27,29,30,26,26,41,32,28,35,32,28,32,28,34,32,35,30,29,31,26,27,17,36,37,34,32,29,32,30,16,17,33,36,30,30,29,32,31,30,28,37,38,32,34,32,45,43,37,29,32,34,27,30,53,51,45,35,26,27,33,33,1
105,114,95,68,75,73,75,85,116,115,93,81,73,70,72,72,120,119,84,69,70,77,76,77,103,120,96,71,67,75,71,66,105,108,89,72,54,66,70,74,75,72,67,58,101,139,61,60,62,56,67,77,75,70,52,59,70,52,74,65,54,51,65,59,0
74,74,74,73,78,90,98,98,68,73,70,72,79,90,102,100,69,70,73,83,91,104,112,102,74,74,83,98,117,124,112,100,88,95,97,111,130,127,113,109,95,91,96,126,145,150,151,131,90,93,123,146,143,150,160,149,96,97,124,125,132,151,151,165,0
157,124,180,188,168,143,95,82,218,239,255,254,243,184,152,82,156,146,226,250,254,239,237,140,169,220,180,250,255,255,255,172,160,155,184,255,234,249,252,174,105,93,129,148,143,173,199,112,103,87,86,93,177,173,94,81,83,86,82,86,89,105,86,90,0
255,255,255,255,255,255,255,255,255,255,255,255,255,255,255,255,255,255,255,255,255,255,255,255,255,255,255,255,255,255,255,255,255,255,255,255,255,255,255,255,255,255,255,255,255,255,255,255,255,255,255,255,255,255,255,255,255,255,255,255,255,255,255,255,2
13,17,16,22,21,19,23,22,14,13,16,22,20,24,32,28,22,29,27,27,32,26,23,34,29,34,35,30,33,35,35,33,121,102,72,43,36,38,43,37,142,144,151,151,125,69,46,43,160,154,152,151,152,150,130,61,149,152,155,157,156,152,160,124,1
223,224,224,223,223,223,224,226,226,226,227,226,226,226,227,228,227,228,228,228,229,229,229,229,229,229,230,230,231,231,231,231,233,233,233,234,234,234,234,234,234,234,235,235,235,235,235,236,235,236,236,236,235,236,236,237,238,238,239,238,237,237,239,240,2
41,30,32,22,20,20,25,34,53,42,23,28,23,22,30,37,201,54,39,85,22,27,35,40,190,107,71,101,24,30,35,40,76,39,34,45,25,38,45,41,42,36,26,21,24,40,41,44,53,110,43,28,26,33,45,49,171,192,141,28,31,38,42,48,1
157,167,166,171,170,142,133,180,163,159,169,171,162,150,136,154,170,154,161,166,165,158,142,162,207,183,164,155,158,149,130,156,220,214,204,188,151,104,102,164,192,201,211,221,195,129,117,190,152,176,197,217,225,194,169,208,142,155,186,203,214,217,202,217,2
255,255,255,255,255,255,255,255,255,255,255,255,255,255,255,255,255,255,255,255,255,255,255,255,255,255,255,255,255,255,255,255,255,255,255,255,255,255,255,255,255,255,255,255,255,255,255,255,255,255,255,255,255,255,255,255,255,255,255,255,255,255,255,255,2
159,165,166,163,163,159,147,134,152,156,159,161,162,161,150,138,152,148,148,151,155,158,152,140,166,153,145,144,146,152,151,142,185,171,159,150,143,146,150,146,203,199,191,178,163,160,165,166,214,220,221,211,198,191,192,195,210,222,228,224,216,210,208,208,2
36,54,126,157,157,113,113,154,36,35,82,140,162,157,102,101,34,30,66,127,119,153,127,86,33,32,53,88,134,159,142,83,36,26,45,71,108,148,159,143,30,34,33,60,76,122,143,159,28,31,27,49,80,116,143,146,33,25,30,54,58,102,122,135,1
208,70,51,47,54,49,55,79,232,254,96,56,55,52,58,73,128,168,229,131,57,56,56,85,47,145,215,244,241,89,89,74,46,42,82,191,244,253,250,108,46,44,44,59,163,237,255,249,48,39,43,52,75,177,214,237,53,40,37,41,46,52,58,83,1
29,28,27,26,25,23,21,20,30,29,28,27,26,24,22,21,29,29,29,28,27,25,24,24,27,27,27,27,26,25,26,26,27,27,27,26,25,25,25,26,27,26,26,24,24,23,23,23,21,21,21,21,21,21,20,20,14,14,15,17,18,19,19,18,1
43,48,61,58,80,116,145,135,43,39,40,37,31,39,54,61,45,38,35,39,37,37,36,35,45,43,42,35,39,37,37,32,36,38,40,37,39,36,38,40,35,38,36,41,37,39,34,36,30,35,31,33,26,33,33,36,29,25,25,30,32,32,32,32,1
219,219,220,215,216,217,212,215,226,222,226,226,219,218,222,225,235,230,226,227,227,225,224,219,225,240,236,232,236,233,231,232,222,241,241,237,239,235,236,241,246,245,244,247,246,244,244,241,250,245,248,250,247,247,248,248,251,252,254,250,252,254,250,253,0
59,74,135,172,161,167,162,148,86,140,175,167,169,166,163,144,158,181,169,172,172,144,144,135,184,180,179,170,158,139,126,128,187,185,168,133,136,132,137,128,185,172,160,136,132,125,116,115,176,150,131,136,126,116,99,82,166,138,136,129,122,118,105,98,0
106,105,89,70,63,62,62,66,114,111,92,74,70,60,50,59,100,110,105,85,78,71,53,48,87,101,110,90,73,77,68,54,92,98,105,92,75,73,69,62,111,113,104,91,82,72,64,63,123,122,99,84,78,71,69,67,114,109,91,84,76,69,73,66,2
20,34,40,53,56,58,60,58,20,39,35,52,61,55,58,61,24,40,35,43,53,56,56,55,27,29,40,43,49,61,57,54,26,22,38,47,51,53,49,52,25,26,25,34,46,44,44,45,23,24,18,19,31,35,42,40,22,15,21,17,13,14,24,26,1
244,255,253,254,255,253,255,253,216,255,250,254,255,255,253,255,167,253,255,253,255,255,255,255,124,236,255,253,252,252,255,254,111,206,251,255,252,255,253,255,118,183,255,253,255,255,252,255,111,163,245,252,254,254,255,255,91,143,204,255,249,255,254,255,0
93,121,122,121,129,141,187,188,81,78,88,100,121,140,140,141,68,92,129,145,144,143,151,145,146,144,142,143,149,157,157,149,146,152,143,152,152,150,145,155,152,151,152,150,152,155,165,157,149,140,168,157,157,170,167,159,151,145,139,163,167,173,159,177,1
255,255,255,255,255,255,255,255,255,255,255,255,255,255,255,255,255,255,255,255,255,255,255,255,255,255,255,255,255,255,255,255,255,255,255,255,255,255,255,255,255,255,255,255,255,255,255,255,255,255,255,255,255,255,255,255,255,255,255,255,255,255,255,255,0
255,255,255,255,255,255,255,255,255,255,255,255,255,255,255,255,255,255,255,255,255,255,255,255,255,255,255,255,255,255,255,255,255,255,255,255,255,255,255,255,255,255,255,255,255,255,255,255,255,255,255,255,255,255,255,255,255,255,255,255,255,255,255,255,2
255,255,255,255,255,255,255,255,255,255,255,255,255,255,255,255,255,255,255,255,255,255,255,255,255,255,255,255,255,255,255,255,255,255,255,255,255,255,255,255,255,255,255,255,255,255,255,255,255,255,255,255,255,255,255,255,255,255,255,255,255,255,255,255,0
45,47,42,41,44,42,38,36,47,45,50,54,45,43,45,39,69,75,78,89,88,96,80,62,123,129,142,134,150,158,167,156,140,144,153,147,139,167,192,198,144,149,150,133,134,180,223,243,133,151,148,142,137,184,217,255,139,136,141,145,142,170,210,255,1
252,245,210,196,242,255,254,246,255,254,246,220,212,240,255,251,253,255,251,245,234,188,212,255,255,254,255,253,246,242,227,200,255,251,255,255,251,251,248,234,255,255,255,253,255,252,255,229,254,254,255,255,252,255,251,252,255,255,254,255,255,252,255,253,1
255,255,255,255,255,255,255,255,255,255,255,255,255,255,255,255,255,255,255,255,255,255,255,255,255,255,255,255,255,255,255,255,255,255,255,255,255,255,255,255,255,255,255,255,255,255,255,255,255,255,255,255,255,255,255,255,255,255,255,255,255,255,255,255,0
255,255,255,255,255,255,255,255,255,255,255,255,255,255,255,255,255,255,255,255,255,255,255,255,255,255,255,255,255,255,255,255,255,255,255,255,255,255,255,255,255,255,255,255,255,255,255,255,255,255,255,255,255,255,255,255,255,255,255,255,255,255,255,255,0
20,31,34,37,42,33,39,38,41,37,28,20,34,40,28,37,21,13,15,10,21,32,33,34,19,17,19,19,14,24,37,69,21,15,15,13,18,74,79,99,22,25,18,21,51,73,69,96,21,21,18,33,64,72,83,86,28,24,23,46,53,71,71,75,1
255,255,255,255,255,255,255,255,255,255,255,255,255,255,255,255,255,255,255,255,255,255,255,255,255,255,255,255,255,255,255,255,255,255,255,255,255,255,255,255,255,255,255,255,255,255,255,255,255,255,255,255,255,255,255,255,255,255,255,255,255,255,255,255,2
233,233,233,233,231,230,230,230,233,233,233,233,232,231,231,231,233,233,233,233,232,232,232,232,233,233,233,233,233,233,233,233,233,233,233,233,233,233,233,233,234,233,233,233,233,233,233,233,234,234,233,233,233,233,233,233,235,234,233,233,233,233,233,233,2
142,146,147,138,135,137,129,126,107,104,103,103,111,119,112,106,99,99,104,106,105,101,96,97,132,126,129,135,135,129,127,130,159,155,153,155,153,150,148,144,154,160,161,155,149,152,153,143,155,157,156,156,156,159,154,136,154,152,152,154,141,115,86,54,0
116,135,123,132,134,138,151,139,58,59,58,91,98,96,96,71,195,142,75,61,53,62,46,47,242,251,221,105,93,86,58,51,110,160,179,128,126,131,69,53,65,79,93,86,86,93,69,51,79,70,74,69,61,53,61,51,63,67,63,59,56,55,55,51,0
255,255,255,255,255,255,255,255,255,255,255,255,255,255,255,255,255,255,255,255,255,255,255,255,255,255,255,255,255,255,255,255,255,255,255,255,255,255,255,255,255,255,255,255,255,255,255,255,255,255,255,255,255,255,255,255,255,255,255,255,255,255,255,255,2
113,88,70,42,39,32,30,39,107,92,72,46,26,35,35,31,107,93,76,63,31,23,37,33,103,101,89,71,44,18,41,37,101,103,100,76,62,29,31,36,101,102,109,90,82,57,25,28,102,110,115,103,97,90,55,34,111,112,108,114,110,102,92,63,2
255,255,255,255,255,255,255,255,255,255,255,255,255,255,255,255,255,255,255,255,255,255,255,255,255,255,255,255,255,255,255,255,255,255,255,255,255,255,255,255,255,255,255,255,255,255,255,255,255,255,255,255,255,255,255,255,255,255,255,255,255,255,255,255,2
255,255,255,255,255,255,255,255,255,255,255,255,255,255,255,255,255,255,255,255,255,255,255,255,255,255,255,255,255,255,255,255,255,255,255,255,255,255,255,255,255,255,255,255,255,255,255,255,255,255,255,255,255,255,255,255,255,255,255,255,255,255,255,255,0
255,255,255,255,255,255,255,255,255,255,255,255,255,255,255,255,255,255,255,255,255,255,255,255,255,255,255,255,255,255,255,255,255,255,255,255,255,255,255,255,255,255,255,255,255,255,255,255,255,255,255,255,255,255,255,255,255,255,255,255,255,255,255,255,2
84,93,115,142,157,169,174,152,23,30,37,48,46,53,50,51,39,101,115,130,137,145,143,121,134,176,201,209,216,211,211,219,183,196,205,204,214,223,227,239,184,191,189,205,219,237,239,241,176,185,195,198,204,229,235,253,155,172,181,193,203,206,220,230,1
81,99,117,149,140,121,106,71,81,83,89,113,108,106,89,64,59,76,94,104,95,93,76,57,54,90,86,82,82,66,72,42,50,82,84,69,79,64,61,40,50,65,103,78,100,55,47,32,67,81,77,104,82,48,40,32,44,49,52,95,53,43,33,45,1
17,17,42,70,76,81,68,77,49,70,72,79,78,81,78,73,79,79,80,78,73,83,78,77,78,84,81,86,83,79,79,84,80,88,84,82,87,86,76,84,83,86,94,83,83,86,89,128,89,83,88,88,92,145,199,191,87,81,91,137,191,199,195,211,1
222,217,220,224,226,229,227,224,200,196,201,208,214,219,215,210,180,179,187,196,203,207,200,193,177,181,192,197,198,195,186,181,186,194,204,204,196,185,176,176,196,204,212,208,195,182,176,184,200,205,210,205,195,184,184,197,198,200,202,200,193,186,189,206,2
219,219,218,217,216,215,215,215,221,220,220,219,218,217,216,216,222,222,222,222,221,219,218,218,224,223,223,223,222,221,220,220,224,224,223,223,222,222,222,222,226,225,224,224,223,223,223,223,227,227,226,225,225,224,224,224,229,228,228,227,226,225,224,224,2
255,255,255,255,255,255,255,255,255,255,255,255,255,255,255,255,255,255,255,255,255,255,255,255,255,255,255,255,255,255,255,255,255,255,255,255,255,255,255,255,255,255,255,255,255,255,255,255,255,255,255,255,255,255,255,255,255,255,255,255,255,255,255,255,2
192,225,154,102,143,141,127,145,96,132,115,71,85,85,89,94,82,79,94,91,83,89,90,98,69,84,78,87,84,81,75,73,69,70,73,61,62,72,66,62,81,63,65,76,68,61,58,63,63,61,57,58,58,58,54,92,54,61,58,52,52,58,85,97,0
108,106,91,83,79,84,99,97,126,129,144,118,126,165,161,184,206,220,234,207,238,231,230,234,247,241,236,241,231,235,230,227,245,242,247,243,242,242,238,239,253,251,253,252,248,245,254,249,255,253,255,252,255,255,250,255,255,253,255,254,254,254,255,254,0
79,90,104,107,128,148,146,163,76,81,102,104,115,135,137,150,83,83,81,92,113,124,129,138,73,79,85,82,90,99,105,130,74,79,76,77,77,81,96,94,81,76,78,75,74,78,78,88,78,77,72,74,78,73,74,86,73,72,80,75,72,80,78,76,1
146,144,143,142,140,139,138,137,148,147,145,143,141,140,139,138,151,149,147,145,144,142,141,140,154,153,151,150,148,146,144,143,158,157,156,155,154,152,150,149,162,161,160,160,159,157,155,154,169,168,166,165,164,163,162,162,176,174,172,171,170,169,169,169,2
221,216,202,208,221,217,216,222,225,218,203,206,217,218,220,222,227,223,213,215,221,220,222,220,229,228,225,228,225,219,221,218,233,231,228,231,224,216,219,219,233,231,228,233,228,220,222,221,229,232,231,236,235,227,228,226,224,233,234,236,234,229,232,232,2
255,255,255,255,255,255,255,255,255,255,255,255,255,255,255,255,255,255,255,255,255,255,255,255,255,255,255,255,255,255,255,255,255,255,255,255,255,255,255,255,255,255,255,255,255,255,255,255,255,255,255,255,255,255,255,255,255,255,255,255,255,255,255,255,0
171,124,95,96,62,65,204,254,195,157,126,101,79,44,83,225,203,188,157,111,97,74,39,115,208,206,183,129,95,82,61,47,220,210,182,135,104,82,67,48,214,213,188,153,124,91,69,63,222,216,193,182,162,115,87,73,221,216,199,200,201,144,104,89,2
36,40,38,34,34,32,34,44,39,42,39,36,35,30,28,33,42,43,39,35,35,30,24,23,42,41,36,32,31,29,24,22,39,37,32,28,27,25,23,21,36,33,29,27,25,21,19,19,34,29,27,27,24,20,18,19,34,27,24,26,24,20,20,22,1
255,255,255,255,255,255,255,255,255,255,255,255,255,255,255,255,255,255,255,255,255,255,255,255,255,255,255,255,255,255,255,255,255,255,255,255,255,255,255,255,255,255,255,255,255,255,255,255,255,255,255,255,255,255,255,255,255,255,255,255,255,255,255,255,2
145,159,161,176,161,133,117,98,137,177,201,199,181,152,121,85,145,191,199,210,189,161,126,76,146,174,216,253,200,170,125,88,151,181,219,252,230,179,135,91,119,173,194,255,239,174,138,107,109,144,197,221,202,160,143,85,96,120,151,196,171,147,116,72,1
255,255,255,255,255,255,255,255,255,255,255,255,255,255,255,255,255,255,255,255,255,255,255,255,255,255,255,255,255,255,255,255,255,255,255,255,255,255,255,255,255,255,255,255,255,255,255,255,255,255,255,255,255,255,255,255,255,255,255,255,255,255,255,255,2
255,255,255,255,255,255,255,255,255,255,255,255,255,255,255,255,255,255,255,255,255,255,255,255,255,255,255,255,255,255,255,255,255,255,255,255,255,255,255,255,255,255,255,255,255,255,255,255,255,255,255,255,255,255,255,255,255,255,255,255,255,255,255,255,2
255,255,255,255,255,255,255,255,255,255,255,255,255,255,255,255,255,255,255,255,255,255,255,255,255,255,255,255,255,255,255,255,255,255,255,255,255,255,255,255,255,255,255,255,255,255,255,255,255,255,255,255,255,255,255,255,255,255,255,255,255,255,255,255,0
255,255,255,255,255,255,255,255,255,255,255,255,255,255,255,255,255,255,255,255,255,255,255,255,255,255,255,255,255,255,255,255,255,255,255,255,255,255,255,255,255,255,255,255,255,255,255,255,255,255,255,255,255,255,255,255,255,255,255,255,255,255,255,255,0
87,88,89,90,91,92,93,94,89,89,90,90,92,95,98,100,93,94,96,98,101,106,110,114,106,108,112,115,118,122,126,129,124,126,130,132,134,136,139,141,139,141,143,145,147,149,152,155,153,154,156,158,161,164,167,169,164,165,168,170,172,174,175,176,2
254,252,255,255,252,255,254,255,255,254,255,255,255,252,251,244,214,249,252,251,251,244,247,246,120,156,201,251,254,241,242,240,88,89,109,162,237,244,239,242,92,90,77,76,129,227,240,238,117,103,79,72,60,96,219,245,139,165,104,71,64,50,122,239,0
255,255,255,255,255,255,255,255,255,255,255,255,255,255,255,255,255,255,255,255,255,255,255,255,255,255,255,255,255,255,255,255,255,255,255,255,255,255,255,255,255,255,255,255,255,255,255,255,255,255,255,255,255,255,255,255,255,255,255,255,255,255,255,255,2
255,255,255,255,255,255,255,255,255,255,255,255,255,255,255,255,255,255,255,255,255,255,255,255,255,255,255,255,255,255,255,255,255,255,255,255,255,255,255,255,255,255,255,255,255,255,255,255,255,255,255,255,255,255,255,255,255,255,255,255,255,255,255,255,2
183,251,255,254,252,96,48,51,93,250,253,255,255,216,192,152,70,204,253,252,255,251,204,200,58,126,253,255,253,255,213,204,59,72,230,255,255,255,242,213,58,59,161,251,253,255,253,218,69,59,83,248,255,255,255,232,88,58,62,181,254,254,253,253,1
254,255,253,254,255,254,255,255,255,253,255,255,255,254,253,254,254,255,254,252,252,255,255,255,255,250,255,255,255,254,255,255,149,254,255,255,252,254,255,254,57,64,79,139,222,255,252,255,54,57,66,70,65,70,97,151,53,54,66,62,63,57,69,71,1
83,86,86,73,81,83,83,92,79,85,81,74,79,88,85,89,75,79,79,71,76,89,85,86,77,77,78,69,76,87,88,89,74,75,61,66,74,81,92,89,67,71,38,60,71,79,94,88,63,61,38,52,72,81,93,92,58,47,47,41,71,80,85,93,1
32,33,44,58,154,98,54,56,34,31,45,50,94,122,62,63,28,31,36,49,74,141,82,152,31,31,30,40,56,207,223,149,31,34,43,66,53,146,233,190,44,68,123,144,51,102,236,127,65,141,151,158,85,66,233,136,61,181,225,244,203,67,179,143,1
74,82,73,78,79,81,86,148,74,70,70,71,70,68,68,71,62,66,76,72,74,77,83,110,157,142,151,160,155,153,164,182,183,181,169,172,173,168,178,151,195,179,193,179,187,185,161,57,204,200,203,225,202,174,65,48,221,209,220,196,105,106,56,59,1
236,236,237,237,237,236,236,235,237,237,236,236,236,236,236,236,238,237,236,236,236,236,236,237,239,238,237,237,236,236,237,237,239,239,239,238,238,237,237,237,240,240,240,240,239,238,238,237,240,240,240,240,240,239,238,238,241,241,241,240,240,239,238,238,2
255,255,255,255,255,255,255,255,255,255,255,255,255,255,255,255,255,255,255,255,255,255,255,255,255,255,255,255,255,255,255,255,255,255,255,255,255,255,255,255,255,255,255,255,255,255,255,255,255,255,255,255,255,255,255,255,255,255,255,255,255,255,255,255,2
131,121,156,158,133,100,99,97,125,117,147,171,150,125,105,102,115,118,145,169,152,137,104,95,121,132,144,129,110,113,109,108,114,114,128,123,104,93,105,129,97,85,95,112,99,82,93,114,86,88,93,99,88,93,103,90,76,79,89,92,83,91,119,106,2
93,131,168,176,182,206,195,174,139,172,195,193,195,194,205,190,146,181,203,186,187,187,191,174,144,162,178,187,187,179,174,176,135,167,168,175,169,171,175,167,110,134,150,164,165,165,165,161,91,102,130,147,154,156,146,146,62,79,95,112,121,139,146,142,1
255,255,255,255,255,255,255,255,255,255,255,255,255,255,255,255,255,255,255,255,255,255,255,255,255,255,255,255,255,255,255,255,255,255,255,255,255,255,255,255,255,255,255,255,255,255,255,255,255,255,255,255,255,255,255,255,255,255,255,255,255,255,255,255,0
216,196,176,190,161,159,181,64,147,204,243,245,190,200,190,95,110,124,139,158,195,222,215,96,97,109,113,112,140,139,168,67,86,94,89,113,123,126,126,56,71,93,87,94,98,101,91,40,72,73,77,80,98,81,83,43,77,64,72,69,78,80,84,48,1
255,255,255,255,255,255,255,255,255,255,255,255,255,255,255,255,255,255,255,255,255,255,255,255,255,255,255,255,255,255,255,255,255,255,255,255,255,255,255,255,255,255,255,255,255,255,255,255,255,255,255,255,255,255,255,255,255,255,255,255,255,255,255,255,2
143,137,145,151,163,175,187,197,133,127,137,144,158,171,180,188,124,119,128,137,152,165,173,179,122,113,122,133,146,155,163,173,119,107,116,129,139,140,147,162,115,102,113,127,133,126,131,149,112,99,110,122,125,116,120,138,111,97,106,116,118,110,114,131,2
255,255,255,255,255,255,255,255,255,255,255,255,255,255,255,255,255,255,255,255,255,255,255,255,255,255,255,255,255,255,255,255,255,255,255,255,255,255,255,255,255,255,255,255,255,255,255,255,255,255,255,255,255,255,255,255,255,255,255,255,255,255,255,255,0
32,25,25,26,30,27,26,22,39,31,21,24,25,31,25,20,44,34,21,20,21,25,21,19,51,39,31,21,23,18,25,29,54,47,38,20,21,19,32,39,58,54,37,18,19,29,39,44,65,58,39,22,29,39,47,50,69,55,41,25,40,39,48,51,1
255,255,255,255,255,255,255,255,255,255,255,255,255,255,255,255,255,255,255,255,255,255,255,255,255,255,255,255,255,255,255,255,255,255,255,255,255,255,255,255,255,255,255,255,255,255,255,255,255,255,255,255,255,255,255,255,255,255,255,255,255,255,255,255,2
255,255,255,255,255,255,255,255,255,255,255,255,255,255,255,255,255,255,255,255,255,255,255,255,255,255,255,255,255,255,255,255,255,255,255,255,255,255,255,255,255,255,255,255,255,255,255,255,255,255,255,255,255,255,255,255,255,255,255,255,255,255,255,255,2
28,29,29,30,26,23,23,16,31,31,32,31,24,22,27,30,30,31,31,27,29,33,34,36,34,29,28,29,36,43,42,42,36,27,37,64,86,92,92,94,29,44,95,150,168,182,198,192,26,94,140,171,194,192,197,213,65,110,140,167,182,189,202,201,1
52,53,55,64,58,55,67,82,59,58,54,54,52,51,50,50,68,64,61,53,55,57,55,51,58,52,58,56,55,53,54,51,66,53,55,53,48,46,50,44,69,60,53,49,44,44,51,46,53,63,57,60,61,55,53,50,42,61,51,62,71,57,47,47,2
83,85,88,92,96,100,104,106,89,91,94,98,101,105,108,110,96,97,100,103,106,109,112,114,101,102,105,107,110,112,114,115,105,107,109,111,112,114,116,117,109,110,112,113,114,115,117,117,112,113,114,115,116,117,118,118,114,115,116,117,118,119,119,120,2
56,68,75,83,98,108,112,119,93,103,104,101,106,112,122,136,112,114,110,113,128,142,153,162,112,121,129,138,150,157,161,166,129,139,149,154,158,159,161,166,145,147,149,153,160,165,169,172,148,152,158,162,165,166,169,172,156,157,160,164,168,172,176,179,2
255,255,255,255,255,255,255,255,255,255,255,255,255,255,255,255,255,255,255,255,255,255,255,255,255,255,255,255,255,255,255,255,255,255,255,255,255,255,255,255,255,255,255,255,255,255,255,255,255,255,255,255,255,255,255,255,255,255,255,255,255,255,255,255,2
143,155,165,177,190,203,215,221,163,176,186,195,205,213,223,227,187,200,209,215,220,223,231,235,205,217,223,226,228,230,237,241,217,228,233,234,234,235,241,246,225,235,240,241,240,239,243,246,232,241,243,243,242,241,243,244,237,244,244,243,242,241,243,243,2
120,69,51,54,58,65,59,71,66,24,41,45,44,57,53,60,25,22,22,24,32,37,42,41,24,20,21,21,22,31,29,40,24,27,20,23,24,27,36,104,22,23,24,22,33,67,117,226,26,24,30,74,148,187,219,244,28,46,145,187,194,205,250,249,1
49,48,45,41,34,32,22,19,43,41,40,36,30,27,20,19,42,40,41,37,32,25,20,20,38,35,39,34,31,22,19,20,31,28,32,28,27,20,20,22,28,26,28,24,22,20,21,24,22,21,22,20,17,19,17,20,15,17,18,20,17,21,17,18,1
68,65,61,86,132,150,141,135,66,61,65,112,145,144,127,153,65,61,65,127,150,147,134,177,66,71,81,147,152,139,145,198,76,70,91,150,152,137,156,207,100,109,143,158,149,143,170,203,176,181,179,154,147,149,191,200,192,195,174,160,160,142,193,197,0
255,255,255,255,255,255,255,255,255,255,255,255,255,255,255,255,255,255,255,255,255,255,255,255,255,255,255,255,255,255,255,255,255,255,255,255,255,255,255,255,255,255,255,255,255,255,255,255,255,255,255,255,255,255,255,255,255,255,255,255,255,255,255,255,2
123,134,143,119,141,118,107,111,139,124,104,113,117,115,114,109,115,117,112,127,117,122,139,101,118,104,121,114,123,120,101,90,118,125,122,140,120,82,91,77,146,131,126,109,85,80,83,62,145,129,99,76,79,59,56,44,116,83,74,75,72,48,40,43,1
78,51,68,67,81,96,103,120,52,45,59,63,73,85,93,106,56,59,57,59,64,73,83,95,56,61,52,52,57,60,66,75,48,56,55,48,51,51,53,59,33,48,58,51,48,49,51,54,13,25,39,49,46,46,47,45,21,17,17,41,39,40,43,41,1
45,46,47,46,40,31,20,12,49,50,47,37,37,30,22,13,86,73,63,55,57,34,18,10,55,72,85,77,64,34,17,15,49,56,52,41,34,22,11,11,52,49,41,36,30,19,12,17,50,50,44,31,23,16,13,11,56,43,36,25,23,13,20,27,1
255,255,255,255,255,255,255,255,255,255,255,255,255,255,255,255,255,255,255,255,255,255,255,255,255,255,255,255,255,255,255,255,255,255,255,255,255,255,255,255,255,255,255,255,255,255,255,255,255,255,255,255,255,255,255,255,255,255,255,255,255,255,255,255,2
63,64,63,57,64,87,191,254,87,79,70,64,60,65,94,206,112,98,78,66,63,59,56,97,159,96,84,77,61,57,66,59,225,173,109,85,68,70,60,62,242,179,147,135,65,73,62,59,236,195,135,105,63,62,64,63,244,201,148,94,62,66,68,67,0
255,255,255,255,255,255,255,255,255,255,255,255,255,255,255,255,255,255,255,255,255,255,255,255,255,255,255,255,255,255,255,255,255,255,255,255,255,255,255,255,255,255,255,255,255,255,255,255,255,255,255,255,255,255,255,255,255,255,255,255,255,255,255,255,0
255,255,255,255,255,255,255,255,255,255,255,255,255,255,255,255,255,255,255,255,255,255,255,255,255,255,255,255,255,255,255,255,255,255,255,255,255,255,255,255,255,255,255,255,255,255,255,255,255,255,255,255,255,255,255,255,255,255,255,255,255,255,255,255,0
34,35,29,31,27,24,31,23,36,34,30,31,27,23,29,26,38,34,32,32,28,25,27,30,37,32,34,31,28,27,26,30,34,31,32,27,26,28,24,26,31,31,30,26,26,28,22,23,29,29,28,26,27,26,22,24,27,27,25,26,28,24,22,26,1
255,255,255,255,255,255,255,255,255,255,255,255,255,255,255,255,255,255,255,255,255,255,255,255,255,255,255,255,255,255,255,255,255,255,255,255,255,255,255,255,255,255,255,255,255,255,255,255,255,255,255,255,255,255,255,255,255,255,255,255,255,255,255,255,2
200,125,117,190,185,180,194,208,103,76,90,119,103,115,140,158,92,93,86,80,86,73,83,108,79,78,101,72,66,72,75,65,69,78,81,74,66,73,74,80,73,74,93,72,83,82,73,71,68,76,77,80,70,82,76,76,81,75,83,78,76,77,79,80,0
255,255,255,255,255,255,255,255,255,255,255,255,255,255,255,255,255,255,255,255,255,255,255,255,255,255,255,255,255,255,255,255,255,255,255,255,255,255,255,255,255,255,255,255,255,255,255,255,255,255,255,255,255,255,255,255,255,255,255,255,255,255,255,255,2
71,75,67,68,64,65,67,66,86,84,68,66,67,68,65,66,77,83,73,69,70,68,65,71,103,102,89,77,75,72,66,65,195,177,147,110,87,81,80,76,206,204,203,181,155,136,119,101,207,203,205,198,198,197,190,181,212,209,210,202,205,201,196,196,0
154,168,130,79,81,62,69,88,105,97,122,80,66,55,76,89,80,82,71,66,58,58,66,92,70,73,73,66,61,59,57,75,61,73,91,78,72,65,78,75,65,65,89,98,93,104,113,106,91,92,76,74,85,72,78,82,69,58,65,59,70,79,68,65,0
255,255,255,255,255,255,255,255,255,255,255,255,255,255,255,255,255,255,255,255,255,255,255,255,255,255,255,255,255,255,255,255,255,255,255,255,255,255,255,255,255,255,255,255,255,255,255,255,255,255,255,255,255,255,255,255,255,255,255,255,255,255,255,255,2
56,49,64,86,101,104,121,143,63,53,64,79,87,96,109,133,77,63,52,61,76,97,104,112,80,72,47,52,72,84,89,93,79,71,53,51,73,72,66,77,75,72,68,53,69,72,62,79,69,75,80,65,58,59,63,84,73,73,70,76,58,42,53,68,2
78,95,118,123,141,161,182,185,74,102,107,125,143,170,167,178,56,55,60,68,104,157,166,181,42,38,41,46,66,104,171,177,32,37,41,50,50,71,142,168,36,36,37,36,47,56,85,145,31,39,38,38,52,49,70,133,33,34,43,40,40,54,66,123,1
255,255,255,255,255,255,255,255,255,255,255,255,255,255,255,255,255,255,255,255,255,255,255,255,255,255,255,255,255,255,255,255,255,255,255,255,255,255,255,255,255,255,255,255,255,255,255,255,255,255,255,255,255,255,255,255,255,255,255,255,255,255,255,255,0
82,81,76,75,84,87,79,92,96,82,90,98,75,74,131,85,109,88,88,119,76,78,75,85,94,84,78,70,73,76,90,122,100,105,97,83,74,79,75,221,123,129,99,93,63,89,92,172,123,119,109,86,108,113,80,136,113,120,106,86,93,66,69,131,0
58,69,82,93,144,165,175,176,54,69,95,178,169,145,158,154,155,160,177,162,149,134,147,75,171,148,148,141,159,127,67,65,153,168,147,142,116,55,53,120,144,144,152,95,59,75,125,138,138,133,95,60,78,134,140,142,104,69,59,104,133,140,140,133,1
63,66,47,37,29,24,21,23,58,52,51,31,23,23,22,22,52,48,41,24,24,26,27,36,47,44,32,31,29,29,60,123,39,33,26,41,42,85,186,204,29,46,56,75,89,167,193,208,55,91,108,100,139,183,198,209,104,118,91,123,170,190,202,209,1
153,35,34,24,32,25,26,52,169,41,25,21,28,24,29,56,177,117,22,24,13,16,45,55,197,188,33,17,20,21,54,62,74,182,93,23,21,30,54,56,34,193,189,32,19,35,53,61,64,86,191,85,18,32,57,58,36,34,197,209,33,29,48,59,1
255,255,255,255,255,255,255,255,255,255,255,255,255,255,255,255,255,255,255,255,255,255,255,255,255,255,255,255,255,255,255,255,255,255,255,255,255,255,255,255,255,255,255,255,255,255,255,255,255,255,255,255,255,255,255,255,255,255,255,255,255,255,255,255,0
255,255,255,255,255,255,255,255,255,255,255,255,255,255,255,255,255,255,255,255,255,255,255,255,255,255,255,255,255,255,255,255,255,255,255,255,255,255,255,255,255,255,255,255,255,255,255,255,255,255,255,255,255,255,255,255,255,255,255,255,255,255,255,255,2
255,255,255,255,255,255,255,255,255,255,255,255,255,255,255,255,255,255,255,255,255,255,255,255,255,255,255,255,255,255,255,255,255,255,255,255,255,255,255,255,255,255,255,255,255,255,255,255,255,255,255,255,255,255,255,255,255,255,255,255,255,255,255,255,0
44,55,55,40,42,88,117,71,40,56,51,48,41,48,146,131,44,44,56,39,46,42,91,136,41,47,48,45,43,41,60,113,51,50,51,41,34,43,37,79,48,40,42,32,43,45,38,47,49,39,50,42,43,43,51,40,33,52,51,46,49,46,47,47,2
249,249,249,249,249,249,249,249,249,249,249,249,249,249,249,249,250,250,250,250,250,250,250,250,250,250,250,250,250,250,250,250,251,251,251,251,251,251,251,251,252,252,252,252,252,252,252,252,252,252,252,252,252,252,252,252,253,253,253,253,253,253,253,253,2
59,54,45,38,33,17,18,19,63,58,51,44,34,15,17,23,66,59,52,47,35,16,17,25,65,57,52,45,32,18,20,28,61,57,54,43,26,19,24,32,61,56,51,38,22,23,27,32,61,53,45,34,21,27,29,31,58,50,44,34,20,27,31,35,1
176,169,160,164,176,159,156,180,145,146,158,167,166,160,153,155,130,144,150,155,157,161,151,141,122,144,144,149,155,154,145,130,114,130,144,148,148,141,135,125,118,125,142,138,143,138,126,132,120,128,135,132,137,136,129,136,119,126,123,126,116,124,143,139,2
255,255,255,255,255,255,255,255,255,255,255,255,255,255,255,255,255,255,255,255,255,255,255,255,255,255,255,255,255,255,255,255,255,255,255,255,255,255,255,255,255,255,255,255,255,255,255,255,255,255,255,255,255,255,255,255,255,255,255,255,255,255,255,255,0
255,255,255,255,255,255,255,255,255,255,255,255,255,255,255,255,255,255,255,255,255,255,255,255,255,255,255,255,255,255,255,255,255,255,255,255,255,255,255,255,255,255,255,255,255,255,255,255,255,255,255,255,255,255,255,255,255,255,255,255,255,255,255,255,0
19,18,16,62,76,80,77,81,15,15,17,45,61,76,80,76,16,13,11,16,55,71,75,71,18,21,12,12,15,51,60,67,22,19,14,14,17,15,20,52,22,18,16,17,11,18,14,17,23,20,18,8,15,12,16,19,19,17,17,16,13,14,18,18,1
255,255,255,255,255,255,255,255,255,255,255,255,255,255,255,255,255,255,255,255,255,255,255,255,255,255,255,255,255,255,255,255,255,255,255,255,255,255,255,255,255,255,255,255,255,255,255,255,255,255,255,255,255,255,255,255,255,255,255,255,255,255,255,255,2
255,255,255,255,255,255,255,255,255,255,255,255,255,255,255,255,255,255,255,255,255,255,255,255,255,255,255,255,255,255,255,255,255,255,255,255,255,255,255,255,255,255,255,255,255,255,255,255,255,255,255,255,255,255,255,255,255,255,255,255,255,255,255,255,0
255,255,255,255,255,255,255,255,255,255,255,255,255,255,255,255,255,255,255,255,255,255,255,255,255,255,255,255,255,255,255,255,255,255,255,255,255,255,255,255,255,255,255,255,255,255,255,255,255,255,255,255,255,255,255,255,255,255,255,255,255,255,255,255,0
255,255,255,255,255,255,255,255,255,255,255,255,255,255,255,255,255,255,255,255,255,255,255,255,255,255,255,255,255,255,255,255,255,255,255,255,255,255,255,255,255,255,255,255,255,255,255,255,255,255,255,255,255,255,255,255,255,255,255,255,255,255,255,255,2
208,213,208,208,212,215,222,225,196,209,214,212,214,215,215,222,185,188,208,217,212,210,210,216,189,176,188,210,214,210,209,215,202,191,177,189,212,213,210,217,202,201,181,174,188,201,212,217,184,183,178,169,167,184,207,217,167,162,165,166,169,180,198,221,2
180,191,185,189,213,225,220,216,211,213,216,222,223,219,220,221,220,222,221,218,215,221,227,222,222,224,220,222,228,231,230,224,222,226,225,227,229,230,230,226,227,227,229,226,218,223,237,235,229,224,226,230,222,219,229,234,223,234,233,229,229,230,233,234,2
255,255,255,255,255,255,255,255,255,255,255,255,255,255,255,255,255,255,255,255,255,255,255,255,255,255,255,255,255,255,255,255,255,255,255,255,255,255,255,255,255,255,255,255,255,255,255,255,255,255,255,255,255,255,255,255,255,255,255,255,255,255,255,255,2
103,101,107,100,133,155,127,121,101,98,99,108,148,152,124,124,94,91,95,121,156,145,124,124,92,89,101,128,145,136,129,123,93,93,108,125,136,132,130,126,88,95,109,125,141,135,127,130,88,100,113,128,144,136,129,130,99,109,120,131,136,131,135,129,2
221,222,211,210,215,223,222,224,214,218,211,207,205,212,222,222,199,203,199,195,196,199,209,210,182,178,177,177,191,189,186,191,162,158,181,197,207,197,175,172,152,160,205,225,221,207,180,166,156,183,213,217,209,205,186,170,160,207,215,203,203,206,186,169,2
51,53,47,54,51,42,52,52,69,74,65,55,51,52,59,59,68,67,59,52,52,51,50,55,64,64,59,52,51,55,51,42,66,64,59,58,53,55,58,45,63,58,57,62,55,51,58,54,60,65,64,57,55,59,60,57,57,58,55,48,56,63,58,67,2
255,255,255,255,255,255,255,255,255,255,255,255,255,255,255,255,255,255,255,255,255,255,255,255,255,255,255,255,255,255,255,255,255,255,255,255,255,255,255,255,255,255,255,255,255,255,255,255,255,255,255,255,255,255,255,255,255,255,255,255,255,255,255,255,0
255,255,255,255,255,255,255,255,255,255,255,255,255,255,255,255,255,255,255,255,255,255,255,255,255,255,255,255,255,255,255,255,255,255,255,255,255,255,255,255,255,255,255,255,255,255,255,255,255,255,255,255,255,255,255,255,255,255,255,255,255,255,255,255,2
255,255,255,255,255,255,255,255,255,255,255,255,255,255,255,255,255,255,255,255,255,255,255,255,255,255,255,255,255,255,255,255,255,255,255,255,255,255,255,255,255,255,255,255,255,255,255,255,255,255,255,255,255,255,255,255,255,255,255,255,255,255,255,255,0
139,138,133,120,139,142,134,152,190,148,119,126,143,136,142,149,122,147,116,128,142,136,135,143,107,132,123,120,132,141,121,148,142,114,123,131,133,132,135,132,120,117,124,124,135,133,127,137,103,118,117,142,134,130,132,125,108,115,108,131,127,131,135,124,1
41,42,38,42,31,23,23,23,38,37,36,22,16,21,21,19,32,26,27,16,15,16,16,16,25,22,20,24,23,14,16,14,24,28,25,27,22,20,21,16,29,31,34,30,22,27,21,20,33,32,38,37,31,30,24,25,34,37,39,39,38,31,35,29,1
216,221,229,229,230,233,228,226,211,216,228,233,232,230,228,233,213,213,220,223,222,223,227,235,219,218,223,228,230,234,235,233,220,219,224,232,236,238,237,230,226,223,228,238,237,235,236,232,218,218,225,233,228,224,227,222,211,212,213,214,209,213,223,217,2
255,255,255,255,255,255,255,255,255,255,255,255,255,255,255,255,255,255,255,255,255,255,255,255,255,255,255,255,255,255,255,255,255,255,255,255,255,255,255,255,255,255,255,255,255,255,255,255,255,255,255,255,255,255,255,255,255,255,255,255,255,255,255,255,2
255,255,255,255,255,255,255,255,255,255,255,255,255,255,255,255,255,255,255,255,255,255,255,255,255,255,255,255,255,255,255,255,255,255,255,255,255,255,255,255,255,255,255,255,255,255,255,255,255,255,255,255,255,255,255,255,255,255,255,255,255,255,255,255,2
89,110,135,142,57,45,38,34,91,100,83,51,43,41,43,40,192,191,61,52,44,50,39,49,227,226,238,116,48,42,43,57,242,241,223,230,105,45,33,61,252,246,230,234,196,45,45,56,255,245,237,227,202,72,56,58,243,232,241,229,222,93,57,35,1
255,255,255,255,255,255,255,255,255,255,255,255,255,255,255,255,255,255,255,255,255,255,255,255,255,255,255,255,255,255,255,255,255,255,255,255,255,255,255,255,255,255,255,255,255,255,255,255,255,255,255,255,255,255,255,255,255,255,255,255,255,255,255,255,2
255,225,121,108,135,37,38,49,253,252,147,132,108,84,28,38,180,169,156,134,151,122,96,33,193,174,195,187,167,147,120,58,201,229,227,222,177,175,134,77,231,249,255,254,208,157,141,89,199,242,255,231,144,177,140,91,147,181,180,207,161,211,130,92,1
255,255,255,255,255,255,255,255,255,255,255,255,255,255,255,255,255,255,255,255,255,255,255,255,255,255,255,255,255,255,255,255,255,255,255,255,255,255,255,255,255,255,255,255,255,255,255,255,255,255,255,255,255,255,255,255,255,255,255,255,255,255,255,255,0
255,255,255,255,255,255,255,255,255,255,255,255,255,255,255,255,255,255,255,255,255,255,255,255,255,255,255,255,255,255,255,255,255,255,255,255,255,255,255,255,255,255,255,255,255,255,255,255,255,255,255,255,255,255,255,255,255,255,255,255,255,255,255,255,0
255,255,255,255,255,255,255,255,255,255,255,255,255,255,255,255,255,255,255,255,255,255,255,255,255,255,255,255,255,255,255,255,255,255,255,255,255,255,255,255,255,255,255,255,255,255,255,255,255,255,255,255,255,255,255,255,255,255,255,255,255,255,255,255,0
141,145,149,138,142,164,176,184,141,140,133,126,131,161,176,178,126,126,122,119,112,132,151,166,128,126,126,125,116,124,135,157,139,132,133,127,126,129,132,152,174,151,140,132,130,127,121,127,200,168,143,139,142,160,162,141,205,189,158,144,140,189,215,175,2
255,255,255,255,255,255,255,255,255,255,255,255,255,255,255,255,255,255,255,255,255,255,255,255,255,255,255,255,255,255,255,255,255,255,255,255,255,255,255,255,255,255,255,255,255,255,255,255,255,255,255,255,255,255,255,255,255,255,255,255,255,255,255,255,0
219,218,216,215,214,213,210,208,229,228,227,226,225,223,221,219,236,235,233,232,232,231,230,229,242,241,240,240,239,239,238,238,250,249,247,246,245,245,244,244,253,253,251,250,249,248,248,247,255,255,255,254,254,253,253,253,255,255,255,255,255,255,255,255,0
255,255,255,255,255,255,255,255,255,255,255,255,255,255,255,255,255,255,255,255,255,255,255,255,255,255,255,255,255,255,255,255,255,255,255,255,255,255,255,255,255,255,255,255,255,255,255,255,255,255,255,255,255,255,255,255,255,255,255,255,255,255,255,255,2
145,152,166,181,176,173,174,93,150,164,172,169,172,180,170,152,132,156,163,166,162,159,166,166,113,130,145,157,161,161,144,158,103,126,142,152,145,158,142,153,102,110,143,144,132,132,132,153,91,97,110,129,130,103,118,143,76,90,110,113,78,97,111,121,1
63,63,64,56,57,56,47,77,63,60,58,54,55,49,60,121,59,59,58,53,53,49,83,133,62,61,62,57,53,65,119,133,65,63,68,70,61,90,132,132,64,65,70,72,74,122,130,132,69,68,67,64,94,143,141,141,71,67,68,68,115,141,144,135,0
28,26,23,24,31,35,32,28,31,29,24,19,18,17,15,14,36,32,28,24,21,17,14,12,42,37,32,28,23,18,15,14,45,39,33,26,17,14,18,21,45,38,32,26,19,20,27,29,45,38,33,27,21,25,32,32,43,38,35,27,19,25,39,44,1
20,28,45,46,54,59,50,57,24,23,45,45,56,53,53,54,27,24,38,50,53,54,54,53,30,28,31,47,51,56,56,55,32,31,31,36,51,53,57,55,35,37,31,33,44,51,52,53,38,39,31,36,34,47,45,49,39,34,35,34,32,38,43,45,1
255,255,255,255,255,254,254,254,255,255,255,255,255,255,254,254,255,255,255,255,255,255,255,254,255,255,255,255,255,255,255,255,255,255,255,255,255,255,255,255,255,255,255,255,255,255,255,255,255,255,255,255,255,255,255,255,255,255,255,255,255,255,255,255,0
99,116,126,134,134,127,130,132,112,120,135,138,131,144,153,128,121,122,134,130,130,154,153,122,116,129,137,127,134,149,135,120,140,132,134,163,172,144,122,113,182,144,133,184,177,126,120,105,171,151,137,147,123,99,112,105,152,151,151,138,125,116,112,123,2
136,133,123,114,107,100,101,108,124,120,111,103,96,91,97,111,103,104,99,95,94,95,103,115,89,97,97,93,97,107,116,124,79,90,97,99,107,115,121,125,99,98,99,107,118,120,117,117,170,154,135,128,128,120,110,109,235,221,195,169,145,120,99,92,2
255,255,255,255,255,255,255,255,255,255,255,255,255,255,255,255,255,255,255,255,255,255,255,255,255,255,255,255,255,255,255,255,255,255,255,255,255,255,255,255,255,255,255,255,255,255,255,255,255,255,255,255,255,255,255,255,255,255,255,255,255,255,255,255,0
191,199,205,198,197,196,186,189,206,217,220,207,193,181,186,210,230,232,229,209,180,179,207,227,231,227,221,203,176,189,227,232,209,217,213,202,188,199,231,238,192,207,209,199,190,203,230,235,202,213,214,205,199,212,234,239,206,216,210,206,209,208,219,241,2
205,203,201,200,197,195,192,188,205,202,201,200,197,195,193,189,206,203,202,201,198,196,194,191,207,205,204,203,200,198,196,192,209,206,205,204,201,199,197,193,210,208,207,205,202,200,198,195,212,210,209,207,204,202,200,198,213,211,211,209,206,204,203,201,2
233,228,203,65,52,57,61,64,252,248,224,190,60,61,64,67,250,253,239,212,198,62,64,75,255,249,255,227,193,101,63,73,255,255,245,235,210,201,76,76,255,253,243,236,212,204,74,72,255,251,242,227,214,211,76,55,219,225,216,211,215,208,97,47,1
241,241,240,240,240,240,240,240,241,241,241,241,240,240,240,240,242,242,242,241,241,241,241,241,242,242,242,242,242,242,242,242,243,243,242,242,242,242,242,242,243,243,243,243,243,243,243,243,244,244,244,244,244,244,244,244,245,245,245,245,245,245,245,245,2
17,15,16,83,100,60,35,39,13,14,33,108,92,54,45,51,28,33,41,115,97,57,50,50,38,39,71,120,90,60,61,58,41,49,112,117,85,64,64,72,54,74,123,104,85,62,67,71,63,79,123,104,73,57,75,64,66,77,125,101,72,66,59,57,1
255,255,255,255,255,255,255,255,255,255,255,255,255,255,255,255,255,255,255,255,255,255,255,255,255,255,255,255,255,255,255,255,255,255,255,255,255,255,255,255,255,255,255,255,255,255,255,255,255,255,255,255,255,255,255,255,255,255,255,255,255,255,255,255,2
61,56,61,62,58,64,61,71,51,60,59,55,61,52,55,60,26,35,37,41,56,45,49,53,30,34,37,36,40,38,30,28,28,23,32,36,26,23,27,37,23,29,29,27,28,24,45,73,20,17,27,25,21,55,79,69,18,19,17,26,56,95,70,66,1
255,255,255,255,255,255,255,255,255,255,255,255,255,255,255,255,255,255,255,255,255,255,255,255,255,255,255,255,255,255,255,255,255,255,255,255,255,255,255,255,255,255,255,255,255,255,255,255,255,255,255,255,255,255,255,255,255,255,255,255,255,255,255,255,0
58,51,49,45,36,38,33,30,66,71,55,47,36,44,39,34,68,56,61,51,44,47,38,36,71,73,61,62,48,58,52,44,69,63,61,58,52,91,107,54,65,66,63,54,47,66,163,124,64,69,58,53,51,56,137,160,67,56,58,57,60,70,136,156,0
174,32,27,19,22,36,41,48,35,20,21,17,22,22,44,48,25,19,24,21,35,44,37,44,25,15,34,51,53,40,22,26,38,45,56,54,42,21,19,22,33,33,42,31,28,23,20,17,26,28,36,40,38,30,36,30,35,40,44,46,50,47,43,37,1
253,254,255,254,255,252,255,253,255,252,254,251,254,255,255,253,255,255,255,253,254,251,255,248,251,255,250,253,249,243,218,171,255,252,254,255,235,191,134,99,255,255,254,239,199,109,118,113,254,255,235,168,143,87,98,124,254,236,192,168,118,109,134,125,0
129,114,105,94,88,84,82,84,134,125,116,100,97,81,81,82,238,138,117,112,100,94,82,85,255,255,169,125,115,104,85,85,252,253,247,251,172,108,67,48,62,79,71,63,50,53,46,44,36,38,39,43,44,42,41,41,32,34,34,35,40,39,35,41,1
255,255,255,255,255,255,255,255,255,255,255,255,255,255,255,255,255,255,255,255,255,255,255,255,255,255,255,255,255,255,255,255,255,255,255,255,255,255,255,255,255,255,255,255,255,255,255,255,255,255,255,255,255,255,255,255,255,255,255,255,255,255,255,255,2
253,253,251,248,245,241,235,229,253,251,249,246,242,237,230,224,254,250,247,244,240,233,226,221,253,249,245,242,236,229,224,222,250,247,242,238,231,225,222,223,247,245,240,234,227,223,222,223,245,243,238,231,226,224,223,223,243,241,235,229,225,225,224,222,2
57,53,52,57,53,56,53,46,59,58,55,55,52,48,50,52,72,57,51,47,53,48,44,94,86,79,60,53,47,37,65,116,95,97,95,67,52,54,123,130,95,96,90,82,62,76,107,99,83,81,77,78,95,72,88,89,83,83,79,75,79,84,91,136,0
255,255,255,255,255,255,255,255,255,255,255,255,255,255,255,255,255,255,255,255,255,255,255,255,255,255,255,255,255,255,255,255,255,255,255,255,255,255,255,255,255,255,255,255,255,255,255,255,255,255,255,255,255,255,255,255,255,255,255,255,255,255,255,255,0
255,255,255,255,255,255,255,255,255,255,255,255,255,255,255,255,255,255,255,255,255,255,255,255,255,255,255,255,255,255,255,255,255,255,255,255,255,255,255,255,255,255,255,255,255,255,255,255,255,255,255,255,255,255,255,255,255,255,255,255,255,255,255,255,2
54,141,237,133,151,100,112,115,65,138,213,103,133,141,138,130,97,136,190,112,90,138,121,96,113,118,198,123,87,110,77,68,122,108,181,125,75,75,62,58,123,112,194,142,67,52,55,84,118,117,186,183,60,50,50,52,82,106,182,178,58,48,51,48,1
168,168,161,152,145,150,154,169,207,214,213,198,179,168,161,168,226,230,228,221,210,197,177,170,238,249,242,224,212,211,198,188,243,246,235,221,206,202,203,211,222,221,217,220,210,196,196,210,201,227,238,235,215,198,190,189,196,225,243,244,220,192,178,177,2
83,30,19,14,14,20,48,54,86,39,18,17,23,16,23,23,84,40,18,20,24,70,116,107,80,42,44,139,160,181,183,187,59,131,160,170,174,161,152,156,160,176,171,168,117,93,82,76,166,184,186,175,133,93,76,71,176,186,194,194,178,118,83,75,1
234,250,252,245,237,150,150,90,248,240,244,236,218,145,191,188,255,217,226,225,190,144,212,202,254,212,229,217,203,176,200,167,255,230,213,203,226,218,192,104,249,252,207,199,186,185,143,96,255,250,203,191,180,155,65,94,253,255,214,170,152,92,44,93,1
185,193,201,205,197,173,97,78,192,188,199,206,200,195,121,85,184,191,209,205,205,218,182,95,190,197,198,215,211,199,163,100,206,190,198,198,180,136,110,90,186,184,154,131,110,104,124,188,122,119,112,116,113,108,130,196,116,139,169,188,194,181,97,87,1
83,85,90,85,100,122,111,106,75,78,85,85,90,88,82,104,76,71,68,71,76,75,75,73,72,75,78,73,77,74,71,80,79,64,58,78,79,74,73,69,60,101,155,72,69,75,71,74,67,141,180,125,106,104,78,66,89,209,238,211,175,95,78,72,0
30,92,138,99,68,61,58,49,81,94,76,66,63,56,52,49,81,71,68,72,61,60,51,47,66,73,68,66,63,57,57,50,79,75,69,63,62,60,55,51,74,66,77,76,62,66,53,55,62,73,63,64,68,63,61,65,67,66,67,65,73,65,67,65,1
109,103,99,89,83,83,86,72,127,131,132,121,112,109,104,86,137,137,140,140,137,137,130,124,149,146,145,147,143,143,138,141,155,155,152,151,145,145,140,139,166,159,152,156,155,151,147,141,218,193,165,157,151,146,158,157,249,241,227,217,200,179,182,167,0
63,58,64,102,115,100,92,102,61,57,65,104,124,104,99,99,60,56,61,93,128,122,124,107,66,61,64,83,117,130,149,142,66,56,60,78,112,142,162,158,61,52,53,65,101,151,171,162,65,62,58,53,69,116,155,158,70,64,59,53,50,69,109,121,2
255,255,255,255,255,255,255,255,255,255,255,255,255,255,255,255,255,255,255,255,255,255,255,255,255,255,255,255,255,255,255,255,254,255,255,255,255,255,255,255,252,254,255,255,255,255,255,255,250,253,255,255,254,255,255,254,249,253,255,255,254,255,255,254,2
255,255,255,255,255,255,255,255,255,255,255,255,255,255,255,255,255,255,255,255,255,255,255,255,255,255,255,255,255,255,255,255,255,255,255,255,255,255,255,255,255,255,255,255,255,255,255,255,255,255,255,255,255,255,255,255,255,255,255,255,255,255,255,255,0
22,24,27,28,28,28,29,31,29,29,29,30,33,33,32,31,31,32,34,35,35,35,35,35,32,35,39,40,39,38,39,41,40,41,43,44,44,44,44,44,47,47,47,46,43,42,42,42,51,50,48,45,41,40,41,43,58,53,47,44,45,47,46,45,1
255,255,255,255,255,255,255,255,255,255,255,255,255,255,255,255,255,255,255,255,255,255,255,255,255,255,255,255,255,255,255,255,255,255,255,255,255,255,255,255,255,255,255,255,255,255,255,255,255,255,255,255,255,255,255,255,255,255,255,255,255,255,255,255,0
254,255,255,255,255,252,252,255,253,254,251,246,244,245,244,241,230,204,175,154,138,129,123,119,94,70,53,49,45,44,46,46,66,61,63,65,63,65,69,68,91,84,82,81,77,76,82,86,114,101,92,93,94,95,100,108,140,133,122,118,123,131,138,144,2
216,216,216,217,217,218,218,219,220,220,220,220,221,221,221,221,223,223,223,223,223,223,223,223,226,226,226,226,226,225,226,226,229,229,229,229,229,229,229,229,230,231,231,231,231,232,232,232,233,233,233,233,233,233,233,233,236,236,236,236,236,236,236,236,2
225,218,174,98,89,82,79,80,240,223,175,97,83,80,100,159,226,252,199,102,86,105,137,149,196,167,216,106,126,135,143,163,215,199,150,168,130,132,146,167,220,213,211,153,133,136,140,149,201,212,171,127,122,130,155,145,214,188,144,118,118,130,139,152,1
254,253,252,253,254,254,254,253,254,253,253,253,254,255,254,254,254,254,254,254,255,255,255,255,254,255,255,255,255,255,255,255,254,255,255,255,255,255,255,255,254,255,255,255,255,254,255,255,255,255,255,255,255,255,255,255,255,255,255,255,255,255,255,255,0
222,222,223,224,226,226,227,227,222,223,224,225,226,227,228,228,223,224,225,226,227,228,228,229,225,225,226,227,228,229,229,230,226,227,227,228,229,230,230,231,228,229,229,230,230,231,231,231,230,230,231,231,232,232,232,232,231,232,232,232,233,233,233,233,2
108,244,255,248,237,247,233,222,197,255,255,250,249,232,224,242,247,254,250,246,229,230,244,247,254,252,249,229,247,251,250,252,255,241,223,248,250,255,252,228,245,225,252,252,247,197,84,48,236,247,248,186,87,49,50,43,238,146,108,78,56,44,48,48,1
180,178,176,175,174,174,172,170,183,182,179,178,177,176,174,173,187,185,183,181,180,179,177,175,189,188,186,184,183,181,179,178,192,191,189,187,186,184,182,181,195,194,192,190,189,187,185,184,198,197,195,194,192,191,189,188,201,200,199,197,196,194,192,191,2
67,68,60,55,56,55,54,56,67,64,65,64,57,55,59,58,74,68,69,69,61,57,57,53,69,67,65,62,62,58,53,54,61,62,65,62,60,59,56,57,60,51,61,64,59,62,60,53,57,40,49,58,59,64,59,51,63,47,49,57,62,61,52,53,1
180,184,171,71,35,29,30,23,190,174,117,48,37,32,25,22,155,143,172,97,42,31,23,20,110,164,180,168,83,39,19,26,103,110,183,195,154,73,31,21,103,104,123,162,184,149,62,28,123,99,96,185,169,200,161,45,174,99,95,111,166,188,200,131,1
25,23,28,28,33,34,40,43,20,28,24,31,29,45,161,194,33,25,29,49,177,183,149,125,53,68,160,163,127,121,109,112,161,168,137,116,106,101,92,196,113,104,97,93,81,131,200,204,91,91,78,58,177,192,201,203,67,51,67,186,204,204,196,198,1
255,249,255,253,255,253,255,255,254,255,252,255,254,255,251,255,189,251,255,248,253,255,255,253,106,141,230,255,249,246,250,255,80,82,114,208,255,252,254,255,81,74,70,97,201,255,249,247,118,81,75,65,82,165,154,131,112,91,81,75,63,64,104,98,0
254,255,253,254,255,255,254,255,255,253,255,252,255,255,255,255,230,255,255,253,255,255,255,255,168,253,252,255,255,255,254,254,115,226,252,255,254,255,255,255,103,192,254,255,254,254,255,254,106,171,249,255,255,254,255,254,102,163,238,253,255,255,254,255,0
171,171,53,53,43,59,47,50,184,170,58,50,43,48,42,47,192,163,57,46,44,46,42,47,190,159,55,47,42,46,41,46,198,166,57,47,41,39,39,48,200,173,63,57,60,44,40,42,205,190,62,53,56,46,47,47,192,202,69,59,49,43,40,38,1
117,38,35,43,41,53,54,57,79,36,25,28,43,42,52,51,63,57,37,28,34,40,34,42,89,67,52,24,26,28,40,27,198,88,66,51,25,19,26,27,249,143,94,56,25,23,28,27,236,206,118,82,37,24,30,28,215,209,161,94,54,31,29,27,1
255,255,255,255,255,255,255,255,255,255,255,255,255,255,255,255,255,255,255,255,255,255,255,255,255,255,255,255,255,255,255,255,255,255,255,255,255,255,255,255,255,255,255,255,255,255,255,255,255,255,255,255,255,255,255,255,255,255,255,255,255,255,255,255,2
201,198,191,187,152,129,158,175,186,174,159,165,145,131,177,208,175,169,164,173,175,180,208,223,189,189,196,192,202,222,221,218,214,213,220,213,214,222,216,220,219,221,220,223,218,211,217,222,225,229,223,226,223,219,231,229,225,229,227,226,222,223,230,224,2
221,221,220,220,219,219,218,218,224,224,223,223,223,222,222,222,229,229,228,228,228,227,227,227,233,233,233,232,232,232,232,232,235,235,235,235,234,234,234,234,237,237,236,236,236,236,236,236,240,239,239,238,238,238,238,238,242,242,241,240,240,240,240,240,2
255,255,255,255,255,255,255,255,255,255,255,255,255,255,255,255,255,255,255,255,255,255,255,255,255,255,255,255,255,255,255,255,255,255,255,255,255,255,255,255,255,255,255,255,255,255,255,255,255,255,255,255,255,255,255,255,255,255,255,255,255,255,255,255,2
173,173,179,122,91,81,81,27,137,133,127,92,83,91,82,24,109,115,104,84,77,94,80,23,113,98,115,78,72,95,75,21,74,89,87,74,74,85,49,23,56,61,64,80,69,81,44,35,61,53,45,50,71,58,46,40,62,57,52,45,63,54,33,47,1
255,255,255,255,255,255,255,255,255,255,255,255,255,255,255,255,255,255,255,255,255,255,255,255,255,255,255,255,255,255,255,255,255,255,255,255,255,255,255,255,255,255,255,255,255,255,255,255,255,255,255,255,255,255,255,255,255,255,255,255,255,255,255,255,0
255,255,255,255,255,255,255,255,255,255,255,255,255,255,255,255,255,255,255,255,255,255,255,255,255,255,255,255,255,255,255,255,255,255,255,255,255,255,255,255,255,255,255,255,255,255,255,255,255,255,255,255,255,255,255,255,255,255,255,255,255,255,255,255,2
88,97,88,90,94,97,103,122,117,123,130,129,135,133,133,131,144,147,145,148,141,145,157,141,134,139,161,144,157,152,150,156,158,148,166,163,154,161,166,175,188,174,168,177,181,173,189,181,203,182,180,201,195,212,216,212,214,214,203,206,188,184,178,181,1
186,192,186,173,159,148,145,145,189,187,159,141,137,131,130,129,182,168,140,135,133,126,124,111,168,154,132,131,135,124,116,110,154,137,140,143,128,120,114,101,151,146,145,133,121,116,107,106,151,148,144,135,124,113,101,96,161,158,138,130,131,110,93,97,2
255,255,255,255,255,255,255,255,255,255,255,255,255,255,255,255,255,255,255,255,255,255,255,255,255,255,255,255,255,255,255,255,255,255,255,255,255,255,255,255,255,255,255,255,255,255,255,255,255,255,255,255,255,255,255,255,255,255,255,255,255,255,255,255,0
255,255,255,255,255,255,255,255,255,255,255,255,255,255,255,255,255,255,255,255,255,255,255,255,255,255,255,255,255,255,255,255,255,255,255,255,255,255,255,255,255,255,255,255,255,255,255,255,255,255,255,255,255,255,255,255,255,255,255,255,255,255,255,255,0
81,169,201,174,151,188,206,219,175,129,125,152,202,212,223,212,109,100,197,207,214,215,211,212,141,202,202,213,210,210,207,213,206,213,208,210,214,212,209,211,202,208,198,210,206,209,211,199,191,201,207,204,208,210,203,204,205,200,199,201,207,210,198,205,1
58,59,64,62,54,54,60,60,62,58,61,66,70,80,90,90,84,84,88,90,90,96,104,106,93,93,96,100,102,107,110,109,93,98,104,104,101,104,112,119,97,99,102,108,117,126,132,134,104,111,118,124,130,135,141,146,117,123,128,132,137,142,146,151,2
255,255,255,255,255,255,255,255,255,255,255,255,255,255,255,255,255,255,255,255,255,255,255,255,255,255,255,255,255,255,255,255,255,255,255,255,255,255,255,255,255,255,255,255,255,255,255,255,255,255,255,255,255,255,255,255,255,255,255,255,255,255,255,255,2
255,255,255,255,255,255,255,255,255,255,255,255,255,255,255,255,255,255,255,255,255,255,255,255,255,255,255,255,255,255,255,255,255,255,255,255,255,255,255,255,255,255,255,255,255,255,255,255,255,255,255,255,255,255,255,255,255,255,255,255,255,255,255,255,0
255,255,255,255,255,255,255,255,255,255,255,255,255,255,255,255,255,255,255,255,255,255,255,255,255,255,255,255,255,255,255,255,255,255,255,255,255,255,255,255,254,254,254,254,254,254,254,254,254,254,254,254,254,254,254,254,255,255,255,255,255,255,255,255,0
255,255,255,255,255,255,255,255,255,255,255,255,255,255,255,255,255,255,255,255,255,255,255,255,255,255,255,255,255,255,255,255,255,255,255,255,255,255,255,255,255,255,255,255,255,255,255,255,255,255,255,255,255,255,255,255,255,255,255,255,255,255,255,255,0
29,33,51,63,104,172,195,177,32,42,94,159,183,178,179,187,49,144,163,170,175,182,196,201,129,140,155,162,163,172,184,188,127,131,154,149,167,166,173,178,125,134,134,140,149,149,161,165,120,114,118,133,136,158,153,163,117,109,120,128,127,130,136,146,1
168,171,169,177,198,212,213,212,174,173,168,176,203,223,224,220,196,194,186,187,207,227,229,224,215,214,204,197,208,223,226,220,227,224,213,202,204,213,212,205,231,229,221,209,203,204,201,195,225,224,220,213,207,205,203,198,221,215,212,211,210,208,202,195,2
255,255,255,255,255,255,255,255,255,255,255,255,255,255,255,255,255,255,255,255,255,255,255,255,255,255,255,255,255,255,255,255,255,255,255,255,255,255,255,255,255,255,255,255,255,255,255,255,255,255,255,255,255,255,255,255,255,255,255,255,255,255,255,255,0
255,255,255,255,255,255,255,255,255,255,255,255,255,255,255,255,255,255,255,255,255,255,255,255,255,255,255,255,255,255,255,255,255,255,255,255,255,255,255,255,255,255,255,255,255,255,255,255,255,255,255,255,255,255,255,255,255,255,255,255,255,255,255,255,2
255,255,255,255,255,255,255,255,255,255,255,255,255,255,255,255,255,255,255,255,255,255,255,255,255,255,255,255,255,255,255,255,255,255,255,255,255,255,255,255,255,255,255,255,255,255,255,255,255,255,255,255,255,255,255,255,255,255,255,255,255,255,255,255,2
155,154,156,157,159,162,170,178,155,155,157,158,159,159,163,167,154,154,155,157,158,157,159,161,153,153,153,154,155,156,158,161,154,154,154,154,153,155,157,160,152,153,154,154,154,155,157,159,150,151,152,152,153,155,156,156,152,152,151,150,152,153,154,153,2
58,68,65,61,75,96,93,56,58,69,68,86,70,99,103,31,101,63,60,71,69,86,82,43,80,74,73,65,61,94,54,57,69,60,72,77,84,53,41,58,58,53,66,71,97,27,28,32,67,58,64,81,42,41,37,43,74,64,75,92,79,100,104,158,1
48,45,43,34,46,43,30,29,51,47,45,37,54,56,44,37,48,49,52,43,52,56,51,44,35,43,51,47,45,52,53,52,38,44,47,50,41,48,45,46,30,35,38,47,43,51,50,51,28,33,35,41,43,47,47,47,28,30,32,33,42,44,45,41,1
193,190,191,198,211,218,225,221,190,198,198,198,198,201,207,211,189,201,193,189,186,186,184,189,186,199,188,179,178,175,172,179,173,185,180,173,178,171,168,173,158,171,172,165,171,171,181,189,151,164,165,160,167,186,210,223,144,150,150,162,186,220,231,221,2
140,145,159,172,172,176,169,164,137,160,163,169,165,168,165,181,142,156,171,176,169,154,183,158,146,155,164,185,177,197,183,151,143,161,175,173,176,181,164,131,142,150,160,168,179,176,156,92,139,147,172,170,180,174,124,78,127,142,172,162,154,140,88,62,1
254,254,254,254,255,255,255,255,255,255,255,255,255,255,255,255,255,255,255,255,255,255,255,255,255,255,255,255,255,255,255,255,255,255,255,255,255,255,255,255,255,255,255,255,255,255,255,255,255,255,255,255,255,255,255,255,255,255,255,255,255,255,255,255,0
255,255,255,255,255,255,255,255,255,255,255,255,255,255,255,255,255,255,255,255,255,255,255,255,255,255,255,255,255,255,255,255,255,255,255,255,255,255,255,255,255,255,255,255,255,255,255,255,255,255,255,255,255,255,255,255,255,255,255,255,255,255,255,255,2
255,255,255,255,255,255,255,255,255,255,255,255,255,255,255,255,255,255,255,255,255,255,255,255,255,255,255,255,255,255,255,255,255,255,255,255,255,255,255,255,255,255,255,255,255,255,255,255,255,255,255,255,255,255,255,255,255,255,255,255,255,255,255,255,0
217,213,108,53,39,33,28,27,187,194,121,61,48,37,29,27,182,185,154,75,55,43,33,62,188,189,163,80,58,38,31,65,167,170,167,92,66,55,42,82,163,173,162,114,67,41,61,93,175,174,162,128,67,45,84,94,153,172,165,140,68,49,109,83,1
255,255,255,255,255,255,255,255,255,255,255,255,255,255,255,255,255,255,255,255,255,255,255,255,255,255,255,255,255,255,255,255,255,255,255,255,255,255,255,255,255,255,255,255,255,255,255,255,255,255,255,255,255,255,255,255,255,255,255,255,255,255,255,255,2
255,255,255,255,255,255,255,255,255,255,255,255,255,255,255,255,255,255,255,255,255,255,255,255,255,255,255,255,255,255,255,255,255,255,255,255,255,255,255,255,255,255,255,255,255,255,255,255,255,255,255,255,255,255,255,255,255,255,255,255,255,255,255,255,0
47,39,39,34,21,17,21,34,41,47,40,38,29,32,20,28,47,46,49,43,43,39,32,24,52,48,47,49,42,43,37,29,53,56,51,48,48,45,40,41,54,56,59,51,55,47,49,43,55,55,55,61,54,53,52,45,64,59,58,60,69,56,56,55,1
147,203,170,95,60,50,41,37,118,117,118,121,146,179,107,45,121,119,112,113,106,106,101,91,169,124,115,109,107,105,96,95,198,177,142,111,103,99,90,90,201,191,191,128,97,95,93,87,209,195,195,110,98,89,83,80,213,205,184,104,95,87,86,78,1
38,40,39,36,34,35,34,32,45,43,43,44,42,36,33,33,47,51,51,45,42,42,37,28,53,50,49,49,46,39,34,33,56,51,49,51,47,39,35,38,52,52,51,49,45,42,40,41,50,46,46,48,46,41,45,53,43,47,47,42,41,47,56,60,1
127,134,138,142,142,141,146,148,118,125,131,137,138,138,142,144,106,115,122,130,133,133,137,138,99,108,116,124,127,128,132,133,96,104,111,118,121,122,128,131,93,101,107,112,114,117,126,131,88,96,101,106,106,110,122,130,83,91,96,99,99,104,117,126,2
255,255,255,255,255,255,255,255,255,255,255,255,255,255,255,255,255,255,255,255,255,255,255,255,255,255,255,255,255,255,255,255,255,255,255,255,255,255,255,255,255,255,255,255,255,255,255,255,255,255,255,255,255,255,255,255,255,255,255,255,255,255,255,255,2
255,255,255,255,255,255,255,255,255,255,255,255,255,255,255,255,255,255,255,255,255,255,255,255,255,255,255,255,255,255,255,255,255,255,255,255,255,255,255,255,255,255,255,255,255,255,255,255,255,255,255,255,255,255,255,255,255,255,255,255,255,255,255,255,0
255,255,255,255,255,255,255,255,255,255,255,255,255,255,255,255,255,255,255,255,255,255,255,255,255,255,255,255,255,255,255,255,255,255,255,255,255,255,255,255,255,255,255,255,255,255,255,255,255,255,255,255,255,255,255,255,255,255,255,255,255,255,255,255,0
186,73,50,50,61,57,58,58,143,116,147,213,111,73,54,55,97,107,105,137,110,179,202,69,105,106,92,99,107,129,149,126,105,107,101,101,92,111,106,103,111,108,101,104,95,92,100,104,104,101,104,107,102,101,95,103,109,107,96,92,75,76,82,69,1
128,138,139,145,134,93,57,53,138,162,130,123,105,61,47,59,129,144,137,115,61,55,52,51,127,132,125,73,54,48,58,62,128,131,105,55,54,57,66,116,135,137,94,58,54,63,127,143,133,125,80,60,70,118,159,154,129,120,103,98,127,146,136,127,1
199,205,207,215,199,189,185,185,189,161,162,185,190,204,201,194,204,184,194,199,202,195,202,210,193,187,173,184,190,191,191,196,192,198,195,190,195,193,199,195,192,206,204,198,202,215,203,206,198,201,198,186,207,214,211,212,210,207,208,206,209,208,219,213,1
255,255,255,255,255,255,255,255,255,255,255,255,255,255,255,255,255,255,255,255,255,255,255,255,255,255,255,255,255,255,255,255,255,255,255,255,255,255,255,255,255,255,255,255,255,255,255,255,255,255,255,255,255,255,255,255,255,255,255,255,255,255,255,255,2
255,255,255,255,255,255,255,255,255,255,255,255,255,255,255,255,255,255,255,255,255,255,255,255,255,255,255,255,255,255,255,255,255,255,255,255,255,255,255,255,255,255,255,255,255,255,255,255,255,255,255,255,255,255,255,255,255,255,255,255,255,255,255,255,2
125,152,176,180,176,187,196,221,126,140,170,171,179,195,185,191,154,141,156,160,165,165,164,164,206,152,155,163,168,161,164,158,181,130,160,162,152,152,156,160,188,139,150,158,153,152,151,143,198,150,119,140,155,156,161,149,197,156,111,127,148,158,164,163,2
24,18,15,15,10,15,17,74,26,23,16,15,10,14,8,27,29,31,25,21,13,13,13,9,33,36,33,27,16,11,17,17,40,39,36,29,24,15,13,17,44,42,37,30,30,24,14,15,44,42,37,33,30,26,18,18,48,45,40,42,35,28,22,19,1
224,138,134,106,69,65,39,42,162,132,139,106,64,32,27,22,142,140,130,119,79,61,46,24,132,144,131,163,191,176,121,85,141,126,144,220,225,223,228,219,129,128,202,224,241,233,234,234,118,185,226,229,247,252,251,234,164,188,213,231,234,254,250,253,1
255,255,255,255,255,255,255,255,255,255,255,255,255,255,255,255,255,255,255,255,255,255,255,255,255,255,255,255,255,255,255,255,255,255,255,255,255,255,255,255,255,255,255,255,255,255,255,255,255,255,255,255,255,255,255,255,255,255,255,255,255,255,255,255,2
34,30,50,52,54,67,67,66,43,27,39,52,62,57,64,69,44,35,25,46,54,62,63,63,51,37,22,33,49,55,59,58,54,42,26,23,34,46,51,56,54,46,31,21,17,37,42,54,67,45,37,23,24,20,28,41,77,59,44,30,24,21,19,18,1
178,149,116,98,93,66,136,250,181,153,135,122,98,82,102,221,203,177,158,130,108,92,67,173,217,213,183,137,117,95,59,133,218,217,180,140,118,103,68,89,225,200,173,135,113,104,83,54,221,202,196,154,118,106,104,59,203,214,213,185,135,125,120,71,2
255,255,255,255,255,255,255,255,255,255,255,255,255,255,255,255,255,255,255,255,255,255,255,255,255,255,255,255,255,255,255,255,255,255,255,255,255,255,255,255,255,255,255,255,255,255,255,255,255,255,255,255,255,255,255,255,255,255,255,255,255,255,255,255,2
131,145,154,149,138,128,129,138,133,147,154,145,131,121,126,139,132,143,146,136,122,116,127,144,126,131,129,120,114,114,126,143,119,118,112,108,110,114,123,134,111,108,103,105,113,119,123,130,101,100,97,102,111,117,121,129,94,93,92,95,102,107,114,123,2
69,61,57,58,65,68,62,65,60,56,56,60,66,66,63,64,57,54,53,60,64,64,63,60,64,61,58,60,57,53,57,54,61,61,58,58,51,48,57,58,65,62,58,57,56,55,58,57,45,42,42,45,53,58,57,57,50,50,53,51,55,57,53,58,2
85,95,108,99,87,81,88,93,91,84,92,102,89,86,85,86,88,92,102,103,87,85,86,90,86,87,92,96,103,89,80,86,85,83,80,78,88,82,78,86,92,88,79,69,61,69,73,78,150,149,148,137,105,82,71,75,204,202,200,191,184,153,115,94,2
50,40,41,48,45,45,37,44,42,44,42,43,37,40,34,38,38,47,44,41,35,37,33,31,40,43,41,41,39,36,36,23,40,37,38,38,38,35,42,19,39,37,41,37,36,35,45,21,41,41,42,41,38,36,37,22,43,43,40,46,43,35,25,20,1
214,213,213,212,211,209,207,207,219,218,217,216,215,213,211,211,222,221,220,220,218,217,216,216,224,223,222,222,222,220,220,220,227,226,226,226,225,224,224,224,231,230,229,229,228,227,226,227,234,233,232,232,231,230,229,229,235,235,234,234,233,232,232,232,2
67,65,76,68,65,65,68,73,73,66,69,65,67,68,69,72,77,74,73,71,74,70,69,71,74,78,76,76,77,74,75,77,80,84,79,77,79,82,84,85,81,86,84,80,79,87,88,89,85,85,86,82,80,90,89,90,111,99,93,88,85,96,89,87,0
47,97,67,66,73,85,104,129,33,79,55,64,71,90,103,120,31,70,61,61,69,79,94,107,31,62,62,63,78,79,84,93,33,61,59,69,66,66,71,105,25,63,70,68,68,74,70,74,28,47,69,77,77,62,69,72,26,43,66,80,76,70,75,62,1
211,211,214,218,221,221,208,189,204,207,213,217,217,213,199,180,193,201,210,211,206,199,187,175,183,193,201,199,190,183,180,176,178,185,189,185,179,176,176,177,173,177,178,176,176,175,173,174,161,166,168,170,172,171,167,168,148,156,162,165,166,162,160,163,2
253,253,253,253,253,253,253,253,253,253,253,253,253,253,253,253,254,254,254,254,254,254,254,254,254,254,254,254,254,254,254,254,254,254,254,254,254,254,254,254,254,254,254,254,254,254,254,254,255,255,255,255,255,255,255,255,255,255,255,255,255,255,255,255,2
46,42,42,43,36,28,24,22,38,32,30,34,36,35,30,26,29,33,35,36,34,33,35,39,33,38,39,38,39,38,37,40,37,41,39,38,41,40,36,35,37,42,44,41,37,33,31,32,41,40,39,37,33,30,27,25,39,35,34,33,28,26,25,23,1
76,73,75,76,76,72,75,78,70,80,73,76,81,78,86,129,76,76,80,80,86,115,160,188,82,78,89,128,172,181,191,174,85,121,177,198,167,197,188,175,187,192,192,164,205,196,186,179,182,203,173,196,178,176,189,189,178,173,202,189,179,183,183,181,1
255,255,255,255,255,255,255,255,255,255,255,255,255,255,255,255,255,255,255,255,255,255,255,255,255,255,255,255,255,255,255,255,255,255,255,255,255,255,255,255,255,255,255,255,255,255,255,255,255,255,255,255,255,255,255,255,255,255,255,255,255,255,255,255,0
255,255,255,255,255,255,255,255,255,255,255,255,255,255,255,255,255,255,255,255,255,255,255,255,255,255,255,255,255,255,255,255,255,255,255,255,255,255,255,255,255,255,255,255,255,255,255,255,255,255,255,255,255,255,255,255,255,255,255,255,255,255,255,255,2
214,214,215,215,216,216,217,217,216,216,216,217,217,218,218,218,218,218,219,219,219,220,220,220,220,220,220,221,221,221,222,222,221,221,222,222,222,222,223,223,223,223,223,223,224,224,224,224,224,225,225,225,225,226,226,226,226,226,226,226,227,227,228,228,2
41,35,37,45,39,38,39,40,38,47,47,43,42,47,43,43,46,48,55,56,52,56,51,50,48,42,51,58,52,54,50,50,42,47,50,50,50,53,48,52,36,42,44,47,44,46,45,43,59,48,39,47,42,40,40,32,84,66,33,32,34,31,28,20,1
84,74,79,91,87,78,83,78,88,81,80,85,84,76,86,93,92,97,91,80,77,74,85,97,92,101,102,91,86,79,84,90,105,98,101,105,102,89,86,90,149,121,109,104,100,94,94,95,198,168,144,121,110,105,102,99,222,200,183,160,142,121,107,103,2
105,128,114,117,198,196,173,213,84,98,85,115,122,214,225,146,87,83,93,106,97,108,195,221,99,100,90,89,90,109,130,186,75,52,104,121,99,100,102,112,72,79,68,106,143,98,103,109,90,85,80,89,88,98,105,107,92,74,79,90,74,94,97,113,1
64,64,68,73,83,156,217,242,68,59,67,78,87,142,208,231,60,63,67,73,101,136,178,214,63,64,66,69,90,120,123,184,60,61,71,69,74,67,120,173,64,62,59,67,74,72,99,191,62,64,66,69,69,80,75,84,59,65,62,65,66,75,78,79,0
255,255,255,255,255,255,255,255,255,255,255,255,255,255,255,255,255,255,255,255,255,255,255,255,255,255,255,255,255,255,255,255,255,255,255,255,255,255,255,255,255,255,255,255,255,255,255,255,255,255,255,255,255,255,255,255,255,255,255,255,255,255,255,255,2
255,255,255,255,255,255,255,255,255,255,255,255,255,255,255,255,255,255,255,255,255,255,255,255,255,255,255,255,255,255,255,255,255,255,255,255,255,255,255,255,255,255,255,255,255,255,255,255,255,255,255,255,255,255,255,255,255,255,255,255,255,255,255,255,0
33,24,15,17,16,15,16,16,30,20,25,20,21,21,15,14,25,26,21,26,21,16,17,21,26,27,31,28,28,27,26,19,26,54,169,190,200,161,161,185,106,188,202,207,218,214,216,223,146,173,186,191,196,200,217,228,132,142,136,137,140,151,161,172,1
140,133,123,116,112,96,91,90,134,126,122,103,93,81,68,69,138,130,128,115,108,93,71,63,131,123,113,103,94,76,72,71,133,119,102,90,84,76,78,77,125,112,108,97,99,101,86,72,121,117,122,111,108,109,96,84,142,138,133,126,121,114,110,97,0
255,255,255,255,255,255,255,255,255,255,255,255,255,255,255,255,255,255,255,255,255,255,255,255,255,255,255,255,255,255,255,255,255,255,255,255,255,255,255,255,255,255,255,255,255,255,255,255,255,255,255,255,255,255,255,255,255,255,255,255,255,255,255,255,2
219,223,222,201,118,26,23,36,221,221,231,217,204,177,28,32,246,249,231,228,217,197,179,28,228,254,234,215,233,216,207,106,205,205,211,217,205,209,200,179,170,184,175,196,194,202,179,177,167,152,174,163,165,167,180,177,143,140,148,161,143,150,165,155,1
127,109,95,101,122,137,155,183,142,111,103,94,100,131,153,175,149,126,115,104,93,110,137,151,152,137,117,105,95,92,112,132,156,141,124,101,93,93,94,115,153,149,135,110,93,95,101,105,146,151,141,124,98,88,102,102,142,143,149,139,110,83,74,81,2
38,38,39,39,39,38,34,30,35,35,36,39,39,37,34,32,35,34,37,40,40,36,33,34,34,34,36,40,40,37,34,34,30,31,33,36,38,39,37,34,29,30,31,32,35,37,36,33,28,27,28,30,32,33,32,32,24,23,23,27,29,29,30,33,1
208,204,186,142,87,81,79,78,207,196,197,114,80,80,74,84,207,198,184,103,84,80,81,63,210,200,175,89,83,77,78,64,204,206,151,84,82,82,63,75,202,196,135,87,83,85,53,73,205,199,119,85,83,59,73,71,212,208,96,86,76,70,75,73,1
255,255,255,255,255,255,254,251,255,255,255,255,255,255,253,251,255,255,255,255,255,255,252,250,255,255,255,255,255,254,251,248,255,255,255,255,255,253,250,247,255,255,255,255,254,252,248,245,255,255,255,255,254,252,247,243,255,255,255,255,254,251,246,242,2
232,100,85,82,68,36,30,29,241,100,86,88,67,39,36,31,247,97,88,83,72,44,30,34,209,99,92,81,73,36,34,29,182,87,85,84,73,38,28,28,102,96,83,76,67,38,29,31,113,97,92,75,48,33,30,23,34,33,38,36,43,25,24,23,1
207,208,209,211,216,218,214,211,202,200,195,193,197,203,206,208,190,189,182,175,176,182,190,196,179,180,175,167,164,167,176,185,168,169,166,161,159,159,165,173,154,155,155,155,153,150,152,158,142,143,145,146,143,139,147,161,137,139,140,138,131,133,155,182,2
255,255,255,255,255,255,255,255,255,255,255,255,255,255,255,255,255,255,255,255,255,255,255,255,255,255,255,255,255,255,255,255,255,255,255,255,255,255,255,255,255,255,255,255,255,255,255,255,255,255,255,255,255,255,255,255,255,255,255,255,255,255,255,255,0
255,255,255,255,255,255,255,255,255,255,255,255,255,255,255,255,255,255,255,255,255,255,255,255,255,255,255,255,255,255,255,255,255,255,255,255,255,255,255,255,255,255,255,255,255,255,255,255,255,255,255,255,255,255,255,255,255,255,255,255,255,255,255,255,2
255,255,255,255,255,255,255,255,255,255,255,255,255,255,255,255,255,255,255,255,255,255,255,255,255,255,255,255,255,255,255,255,255,255,255,255,255,255,255,255,255,255,255,255,255,255,255,255,255,255,255,255,255,255,255,255,255,255,255,255,255,255,255,255,2
65,65,69,71,75,77,70,70,64,69,71,71,69,66,67,70,69,71,66,67,65,62,68,68,75,69,61,62,64,64,67,65,76,62,57,58,61,64,61,60,70,55,54,58,62,65,58,55,64,55,58,65,65,61,55,51,60,62,69,76,64,50,50,47,0
254,254,253,253,252,250,247,245,255,255,255,254,254,253,251,248,255,255,255,255,255,255,254,253,255,255,255,255,255,255,255,255,255,255,255,254,255,255,255,255,255,255,255,254,255,255,255,255,255,255,255,255,255,255,255,255,254,255,255,255,255,255,255,255,0
255,255,255,255,255,255,255,255,255,255,255,255,255,255,255,255,255,255,255,255,255,255,255,255,255,255,255,255,255,255,255,255,255,255,255,255,255,255,255,255,255,255,255,255,255,255,255,255,255,255,255,255,255,255,255,255,255,255,255,255,255,255,255,255,0
44,43,51,48,51,42,44,41,43,43,49,59,50,42,42,34,47,51,58,78,56,50,49,39,46,54,63,79,53,52,49,43,52,59,68,71,56,60,54,54,54,55,60,55,55,65,60,62,55,53,53,48,53,64,66,67,58,55,52,48,49,57,66,65,1
55,51,43,50,61,60,78,86,57,52,43,47,58,54,65,77,63,57,46,43,55,56,60,69,71,63,52,41,48,59,60,62,77,69,60,45,40,52,56,56,77,72,69,57,43,46,51,59,72,79,77,69,56,51,50,61,69,86,82,74,67,59,49,57,2
80,83,67,64,60,60,57,46,55,57,56,58,52,47,46,49,58,51,53,52,51,47,45,47,53,53,54,45,42,42,49,49,58,51,41,39,46,45,51,44,71,59,41,43,49,42,48,49,78,70,48,43,48,48,45,47,76,90,79,56,45,49,44,48,0
255,255,255,255,255,255,255,255,255,255,255,255,255,255,255,255,255,255,255,255,255,255,255,255,255,255,255,255,255,255,255,255,255,255,255,255,255,255,255,255,255,255,255,255,255,255,255,255,255,255,255,255,255,255,255,255,255,255,255,255,255,255,255,255,2
177,165,137,135,178,204,204,213,175,178,158,134,159,204,212,212,174,178,170,144,151,197,206,202,174,173,170,156,145,174,189,193,170,173,172,165,139,147,172,192,165,170,170,171,142,122,138,165,164,166,166,169,152,115,110,140,163,167,165,165,163,135,126,159,2
255,255,255,255,255,255,255,255,255,255,255,255,255,255,255,255,255,255,255,255,255,255,255,255,255,255,255,255,255,255,255,255,255,255,255,255,255,255,255,255,255,255,255,255,255,255,255,255,255,255,255,255,255,255,255,255,255,255,255,255,255,255,255,255,2
207,200,187,86,79,99,31,45,207,189,168,88,54,108,21,73,175,174,161,101,45,104,54,67,146,147,141,91,44,62,124,145,125,124,115,146,143,147,147,151,148,160,157,151,150,141,140,155,154,158,157,148,151,147,147,147,154,152,155,151,151,151,152,153,1
255,255,255,255,255,255,255,255,255,255,255,255,255,255,255,255,255,255,255,255,255,255,255,255,255,255,255,255,255,255,255,255,255,255,255,255,255,255,255,255,255,255,255,255,255,255,255,255,255,255,255,255,255,255,255,255,255,255,255,255,255,255,255,255,2
89,66,83,79,76,104,91,98,87,90,82,77,65,74,78,78,84,77,78,71,60,71,74,71,83,80,77,67,60,52,57,62,181,124,96,73,49,44,50,60,51,190,223,92,56,48,51,40,131,51,35,78,51,60,45,44,204,132,48,85,51,62,57,52,1
242,65,36,26,25,26,29,32,144,183,106,35,34,24,30,31,111,128,128,217,39,36,34,31,95,103,118,146,155,152,47,35,104,75,86,89,121,180,207,192,136,100,85,78,94,84,105,175,162,137,92,74,87,109,88,97,171,153,108,73,82,87,82,98,1
62,90,133,148,140,124,118,101,110,136,115,124,107,98,113,97,132,130,104,107,110,95,102,103,129,175,190,143,110,97,111,105,84,81,76,74,118,194,176,123,81,81,77,77,72,83,85,158,74,78,77,85,77,77,83,88,82,78,79,81,80,80,75,82,1
225,229,230,230,235,228,220,201,224,226,229,231,234,234,229,212,228,225,228,230,229,235,231,220,225,226,233,238,236,236,221,214,233,233,232,234,235,235,223,227,230,232,232,234,238,237,231,235,231,232,233,232,233,234,238,234,227,231,239,239,234,232,236,218,2
255,255,255,255,255,255,255,255,255,255,255,255,255,255,255,255,255,255,255,255,255,255,255,255,255,255,255,255,255,255,255,255,255,255,255,255,255,255,255,255,255,255,255,255,255,255,255,255,255,255,255,255,255,255,255,255,255,255,255,255,255,255,255,255,0
47,44,49,51,54,63,68,67,47,46,71,85,87,87,73,66,119,178,187,190,196,197,202,173,176,192,195,197,208,210,210,220,190,197,199,206,209,214,222,211,187,195,204,204,204,214,225,222,192,192,200,208,218,222,224,237,193,195,198,209,219,229,244,247,1
255,255,255,255,255,255,255,255,255,255,255,255,255,255,255,255,255,255,255,255,255,255,255,255,255,255,255,255,255,255,255,255,255,255,255,255,255,255,255,255,255,255,255,255,255,255,255,255,255,255,255,255,255,255,255,255,255,255,255,255,255,255,255,255,0
255,255,255,255,255,255,255,255,255,255,255,255,255,255,255,255,255,255,255,255,255,255,255,255,255,255,255,255,255,255,255,255,255,255,255,255,255,255,255,255,255,255,255,255,255,255,255,255,255,255,255,255,255,255,255,255,255,255,255,255,255,255,255,255,2
130,124,120,117,120,122,115,130,182,172,132,129,152,162,157,131,190,185,181,186,185,175,169,169,194,201,188,186,187,187,183,186,213,200,193,205,191,189,191,196,205,219,209,206,208,205,188,206,219,243,233,222,214,203,202,210,170,192,246,247,234,225,213,216,1
114,102,96,77,84,96,93,66,108,106,84,83,91,103,83,63,95,104,79,86,91,85,73,64,149,100,102,90,91,82,68,72,186,110,104,90,88,89,81,74,189,141,84,78,83,78,78,79,198,192,136,77,76,90,77,72,194,200,198,131,99,83,82,79,0
255,255,255,255,255,255,255,255,255,255,255,255,255,255,255,255,255,255,255,255,255,255,255,255,255,255,255,255,255,255,255,255,255,255,255,255,255,255,255,255,255,255,255,255,255,255,255,255,255,255,255,255,255,255,255,255,255,255,255,255,255,255,255,255,2
255,255,255,255,255,255,255,255,255,255,255,255,255,255,255,255,255,255,255,255,255,255,255,255,255,255,255,255,255,255,255,255,255,255,255,255,255,255,255,255,255,255,255,255,255,255,255,255,255,255,255,255,255,255,255,255,255,255,255,255,255,255,255,255,0
255,255,255,255,255,255,255,255,255,255,255,255,255,255,255,255,255,255,255,255,255,255,255,255,255,255,255,255,255,255,255,255,255,255,255,255,255,255,255,255,255,255,255,255,255,255,255,255,255,255,255,255,255,255,255,255,255,255,255,255,255,255,255,255,2
158,178,208,207,209,205,179,166,162,165,191,205,206,195,170,158,160,160,178,192,186,177,165,157,171,169,171,176,170,165,162,156,161,160,159,163,163,155,151,149,172,161,150,149,161,159,156,152,169,150,153,173,206,203,188,169,167,144,167,201,226,208,196,188,2
234,234,233,233,233,233,233,234,234,234,234,233,233,233,233,233,235,235,234,234,233,233,233,233,236,236,235,235,234,234,234,234,236,236,236,236,236,236,236,236,237,237,237,237,237,237,237,237,237,237,237,237,237,237,237,237,237,237,237,237,237,237,237,237,2
238,236,233,229,227,226,224,222,245,244,241,239,237,235,234,232,247,246,244,243,242,241,240,240,248,247,246,245,244,244,244,245,249,247,246,246,246,245,246,248,245,243,243,244,244,245,246,248,235,234,235,239,242,244,245,247,223,222,225,231,237,239,241,244,2
27,30,41,56,87,140,64,42,29,33,33,34,42,45,35,31,30,32,30,38,36,37,36,35,31,28,34,32,34,38,33,30,28,30,28,33,34,32,34,36,34,34,28,36,36,33,30,28,42,29,38,29,36,31,35,30,56,35,32,39,33,35,35,30,1
151,154,155,154,156,159,159,156,152,154,155,154,154,158,160,161,150,152,153,153,153,155,159,162,149,150,152,154,154,153,155,158,149,150,152,155,155,154,154,156,150,149,150,153,154,154,155,157,148,149,150,151,152,153,155,156,146,148,151,152,152,153,154,155,2
121,83,84,72,72,71,78,81,127,130,139,129,118,95,78,69,81,89,96,106,123,143,136,97,67,72,69,71,74,77,100,121,71,74,73,65,70,69,71,74,82,69,74,73,76,77,77,76,95,82,74,76,86,83,70,74,89,82,80,86,86,93,84,74,0
67,78,75,66,71,58,59,61,69,69,75,71,70,63,62,58,70,64,69,66,62,63,62,61,62,66,69,67,66,65,58,59,58,67,66,64,63,60,55,49,58,59,57,56,52,49,49,36,47,47,52,48,47,38,34,26,34,38,42,31,35,23,17,27,1
147,124,141,134,152,118,134,102,114,151,129,118,133,121,88,74,142,132,123,143,92,63,86,68,131,140,141,87,81,72,65,77,122,113,99,65,63,58,71,64,121,91,80,74,86,68,44,69,85,81,74,72,57,55,73,71,71,77,80,56,47,121,133,69,1
255,255,255,255,255,255,255,255,255,255,255,255,255,255,255,255,255,255,255,255,255,255,255,255,255,255,255,255,255,255,255,255,255,255,255,255,255,255,255,255,255,255,255,255,255,255,255,255,255,255,255,255,255,255,255,255,255,255,255,255,255,255,255,255,2
255,255,255,255,255,255,255,255,255,255,255,255,255,255,255,255,255,255,255,255,255,255,255,255,255,255,255,255,255,255,255,255,255,255,255,255,255,255,255,255,255,255,255,255,255,255,255,255,255,255,255,255,255,255,255,255,255,255,255,255,255,255,255,255,2
99,105,119,116,116,114,123,121,85,85,92,97,98,98,103,105,86,83,90,104,105,95,84,79,85,75,74,83,88,82,78,79,75,65,61,58,64,60,64,66,74,73,74,65,66,57,55,52,78,82,80,69,69,67,69,70,80,88,87,80,77,77,77,78,2
106,121,130,130,126,123,120,136,79,93,116,129,119,107,111,129,80,82,102,119,111,96,105,116,85,83,90,97,92,85,101,109,79,82,82,77,70,66,88,104,76,75,68,60,57,57,73,91,65,62,56,52,53,60,67,78,52,58,64,61,54,62,65,72,2
87,98,150,95,28,18,37,44,102,101,155,109,29,17,34,39,113,78,150,79,27,17,18,30,147,79,73,42,16,23,20,32,142,76,52,33,25,24,156,205,136,71,55,29,20,126,214,222,135,60,40,27,38,188,205,215,120,55,31,24,141,188,209,155,1
155,169,149,141,147,142,143,137,124,157,164,140,141,147,138,136,136,139,160,160,132,133,138,134,114,138,154,168,146,136,140,133,86,127,158,166,159,147,143,137,89,89,136,152,158,152,144,143,89,93,103,122,150,164,147,145,110,144,99,113,136,162,152,144,2
255,255,255,255,255,255,255,255,255,255,255,255,255,255,255,255,255,255,255,255,255,255,255,255,255,255,255,255,255,255,255,255,255,255,255,255,255,255,255,255,255,255,255,255,255,255,255,255,255,255,255,255,255,255,255,255,255,255,255,255,255,255,255,255,0
255,255,255,255,255,255,255,255,255,255,255,255,255,255,255,255,255,255,255,255,255,255,255,255,255,255,255,255,255,255,255,255,255,255,255,255,255,255,255,255,255,255,255,255,255,255,255,255,255,255,255,255,255,255,255,255,255,255,255,255,255,255,255,255,0
255,255,255,255,255,255,255,255,255,255,255,255,255,255,255,255,255,255,255,255,255,255,255,255,255,255,255,255,255,255,255,255,255,255,255,255,255,255,255,255,255,255,255,255,255,255,255,255,255,255,255,255,255,255,255,255,255,255,255,255,255,255,255,255,2
249,249,249,249,249,249,249,248,249,249,249,249,249,249,249,249,250,250,250,250,250,250,250,250,250,250,250,250,251,251,251,251,251,251,251,251,251,251,251,251,252,252,252,252,252,252,252,252,252,252,252,252,252,252,252,252,253,253,253,253,253,253,253,253,2
255,255,255,255,255,255,255,255,255,255,255,255,255,255,255,255,255,255,255,255,255,255,255,255,255,255,255,255,255,255,255,255,255,255,255,255,255,255,255,255,255,255,255,255,255,255,255,255,255,255,255,255,255,255,255,255,255,255,255,255,255,255,255,255,2
164,167,175,179,163,143,148,162,161,167,173,176,160,136,140,162,152,162,169,176,171,149,141,149,142,154,162,172,181,174,158,143,139,146,153,162,174,184,178,156,139,140,148,159,169,181,183,167,141,144,149,159,166,174,178,170,146,153,154,155,158,165,174,177,2
182,186,205,215,232,232,241,210,194,193,199,229,242,254,250,246,187,201,202,220,245,254,255,244,185,196,199,196,219,242,242,235,187,186,184,194,212,211,219,212,190,174,179,177,192,195,200,202,153,163,164,174,178,190,191,191,129,139,156,160,170,168,174,185,1
60,52,49,42,40,35,29,22,57,52,53,44,39,33,30,26,56,53,55,47,41,36,34,32,57,52,53,46,44,40,37,34,55,50,51,45,43,40,37,34,50,48,51,45,41,38,36,34,42,41,47,42,39,35,34,32,33,32,38,36,36,33,30,26,1
179,168,148,139,140,136,131,124,170,156,137,136,131,122,118,113,136,153,137,128,129,118,107,108,142,146,132,122,115,108,103,92,134,126,124,123,111,96,96,95,127,126,122,109,102,106,114,125,124,113,111,110,107,127,114,98,121,105,100,125,140,148,103,95,2
252,252,252,252,252,252,252,252,253,253,253,253,253,253,253,253,253,253,253,253,253,253,253,253,253,253,253,253,253,253,253,253,254,254,254,254,254,254,254,254,255,255,255,255,255,255,255,255,255,255,255,255,255,255,255,255,255,255,255,255,255,255,255,255,2
199,195,181,179,191,201,201,188,206,206,207,207,211,217,214,208,202,203,215,217,217,221,218,218,209,206,214,219,217,219,221,222,223,218,218,224,221,219,222,219,226,225,223,229,227,221,222,217,228,226,224,227,229,229,227,222,227,220,216,213,221,229,224,223,2
59,62,68,67,61,58,55,54,72,77,80,73,69,70,69,70,66,72,73,66,67,74,74,76,75,79,76,69,73,77,73,74,75,78,77,75,80,81,78,83,79,79,80,80,81,79,78,86,75,72,74,78,81,81,81,86,87,78,78,82,87,87,82,79,2
255,255,255,255,255,255,255,255,255,255,255,255,255,255,255,255,255,255,255,255,255,255,255,255,255,255,255,255,255,255,255,255,255,255,255,255,255,255,255,255,255,255,255,255,255,255,255,255,255,255,255,255,255,255,255,255,255,255,255,255,255,255,255,255,2
179,186,187,176,169,176,188,194,194,200,200,191,189,198,209,213,177,186,187,186,195,211,224,231,149,166,178,186,200,213,220,225,150,167,179,186,195,201,206,213,167,173,174,171,170,172,179,189,178,174,168,160,151,144,145,150,183,171,160,151,140,130,129,131,2
35,42,38,41,40,38,40,41,38,35,41,38,46,41,48,45,87,48,38,38,49,42,47,49,135,134,84,46,38,51,45,52,153,164,153,143,54,41,46,49,196,180,175,196,191,94,52,52,201,211,193,187,197,183,129,59,211,207,216,207,201,207,203,150,1
23,20,17,16,14,12,10,10,21,22,22,20,17,13,10,8,23,24,22,16,11,7,5,4,23,24,21,15,11,11,12,12,18,20,20,17,14,14,12,9,23,24,24,22,19,16,12,9,23,22,21,19,17,15,13,11,26,25,25,23,20,15,12,12,2
255,255,255,255,255,255,255,255,255,255,255,255,255,255,255,255,255,255,255,255,255,255,255,255,255,255,255,255,255,255,255,255,255,255,255,255,255,255,255,255,255,255,255,255,255,255,255,255,255,255,255,255,255,255,255,255,255,255,255,255,255,255,255,255,2
14,27,33,36,36,46,47,45,16,11,26,36,33,36,45,44,16,17,16,15,33,33,29,41,46,21,18,17,17,27,34,32,58,31,19,24,22,19,15,21,69,48,30,35,33,26,17,17,61,63,43,31,31,30,28,22,33,71,62,40,43,32,25,24,1
255,255,255,255,255,255,255,255,255,255,255,255,255,255,255,255,255,255,255,255,255,255,255,255,255,255,255,255,255,255,255,255,255,255,255,255,255,255,255,255,255,255,255,255,255,255,255,255,255,255,255,255,255,255,255,255,255,255,255,255,255,255,255,255,0
20,20,19,9,15,12,15,23,21,16,17,11,17,16,20,20,27,26,25,10,13,18,18,25,33,27,27,21,15,17,17,24,40,31,33,24,16,15,20,24,41,36,31,27,38,23,15,26,41,44,37,29,151,201,38,19,34,39,37,46,127,191,36,21,1
92,79,77,90,102,98,98,95,96,93,86,85,88,92,93,90,86,98,94,87,79,83,87,89,90,95,89,89,92,93,90,91,88,90,87,86,89,83,89,98,97,93,86,84,90,87,92,95,94,96,93,90,87,84,88,90,104,102,96,97,90,88,87,85,2
55,51,64,102,100,138,126,133,51,65,75,118,96,124,114,112,57,82,81,65,78,81,114,98,57,59,59,53,62,58,65,93,46,54,51,48,47,42,53,70,48,57,52,46,44,46,41,58,55,66,47,39,45,44,47,60,54,56,54,48,43,50,51,67,1
238,238,239,239,239,239,238,238,239,240,240,240,240,240,240,239,241,242,242,242,242,242,242,241,243,243,244,244,244,244,243,243,245,245,245,245,245,245,245,245,246,246,246,246,246,246,246,246,248,248,248,248,248,248,248,248,249,249,249,249,249,249,249,249,2
254,254,254,254,253,253,253,252,254,254,254,254,253,254,253,252,254,254,254,254,254,254,253,252,254,254,254,254,254,254,253,252,254,254,254,254,254,254,253,251,254,255,254,254,254,254,252,250,255,255,254,254,254,253,251,249,255,255,255,254,254,253,251,248,2
44,41,44,40,34,38,42,39,44,41,49,42,41,42,35,46,48,62,68,53,54,52,35,40,54,73,66,50,52,50,42,38,54,57,51,51,53,48,46,47,57,47,53,60,57,51,46,51,59,52,59,60,51,47,47,51,48,52,57,64,54,42,49,50,2
28,23,28,27,24,26,21,24,30,30,27,28,25,23,25,22,31,34,32,33,29,25,29,25,38,35,37,31,28,27,26,24,38,35,37,33,34,31,28,23,38,40,36,35,34,28,43,42,39,41,37,35,38,36,66,76,44,39,40,34,31,20,26,28,1
107,91,57,22,21,32,41,42,82,100,50,23,19,31,45,42,70,68,25,26,27,29,39,39,62,38,60,19,31,29,40,38,41,96,32,31,24,26,29,28,55,66,33,26,23,26,35,44,98,78,35,32,27,44,45,42,113,100,54,33,24,44,40,43,1
255,255,255,255,255,255,255,255,255,255,255,255,255,255,255,255,255,255,255,255,255,255,255,255,255,255,255,255,255,255,255,255,255,255,255,255,255,255,255,255,255,255,255,255,255,255,255,255,255,255,255,255,255,255,255,255,255,255,255,255,255,255,255,255,2
228,227,235,222,225,215,216,218,214,225,230,217,232,229,227,204,228,220,224,217,233,233,212,204,225,226,224,215,240,203,211,230,230,235,214,213,210,199,205,204,232,244,223,205,204,213,206,195,217,230,192,208,224,230,210,209,234,192,205,236,222,215,208,197,1
244,244,244,244,244,244,245,246,244,245,245,245,245,246,247,249,245,246,246,246,246,248,251,253,246,247,247,247,247,249,253,255,248,248,248,248,249,251,254,255,249,249,249,249,250,252,254,255,250,250,250,251,252,253,254,255,250,250,250,252,253,255,255,255,2
255,255,255,255,255,255,255,255,255,255,255,255,255,255,255,255,255,255,255,255,255,255,255,255,255,255,255,255,255,255,255,255,255,255,255,255,255,255,255,255,255,255,255,255,255,255,255,255,255,255,255,255,255,255,255,255,255,255,255,255,255,255,255,255,2
67,77,90,85,88,89,86,97,56,83,91,88,88,87,93,90,45,60,76,87,96,95,87,85,41,53,68,77,90,91,95,92,39,40,55,74,74,87,77,81,65,36,43,52,63,72,75,75,114,44,38,43,56,60,62,64,208,136,202,40,41,46,55,51,1
255,255,255,255,255,255,255,255,255,255,255,255,255,255,255,255,255,255,255,255,255,255,255,255,255,255,255,255,255,255,255,255,255,255,255,255,255,255,255,255,255,255,255,255,255,255,255,255,255,255,255,255,255,255,255,255,255,255,255,255,255,255,255,255,0
144,135,131,135,137,147,149,155,140,135,131,131,128,135,140,147,139,130,126,126,122,125,129,138,149,130,120,118,116,114,115,122,176,152,131,117,109,105,104,108,196,176,153,123,105,99,98,98,195,183,168,137,112,95,90,89,192,184,178,155,128,99,87,86,2
41,43,46,43,43,43,37,39,46,44,46,42,46,48,42,47,41,41,45,43,47,49,42,46,40,45,47,48,50,47,44,46,44,50,45,49,52,46,49,47,42,47,40,47,53,46,48,44,40,44,43,48,53,50,48,48,40,41,46,46,48,49,46,55,1
19,28,29,33,32,28,34,29,36,37,42,44,46,44,42,36,46,45,50,48,46,46,52,42,52,54,61,59,54,49,57,51,68,64,68,57,55,58,57,62,102,124,85,61,61,53,61,62,94,108,120,103,60,52,59,61,75,106,108,115,79,61,116,181,1
64,76,75,68,69,67,76,70,64,68,74,73,73,66,68,71,70,69,70,71,73,70,70,68,77,76,69,68,69,70,80,78,67,71,79,82,76,74,80,88,68,69,83,85,80,86,80,83,81,78,76,76,74,86,87,82,75,81,74,87,79,73,87,82,2
207,195,210,208,222,226,227,195,194,208,213,215,217,234,203,198,194,210,221,213,232,225,201,201,191,206,220,229,227,198,194,188,211,210,212,236,224,212,217,204,204,205,215,216,196,190,193,184,161,168,189,196,179,163,102,54,201,197,187,127,65,51,50,54,1
255,255,255,255,255,255,255,255,255,255,255,255,255,255,255,255,255,255,255,255,255,255,255,255,255,255,255,255,255,255,255,255,255,255,255,255,255,255,255,255,255,255,255,255,255,255,255,255,255,255,255,255,255,255,255,255,255,255,255,255,255,255,255,255,2
110,155,153,115,113,99,102,105,113,127,144,142,126,111,123,126,123,120,120,134,135,124,129,167,132,149,136,133,151,159,131,164,150,151,128,145,200,214,147,159,161,147,149,168,174,192,162,154,147,144,158,206,225,221,183,153,149,178,179,216,246,237,201,163,2
41,48,43,30,32,42,52,45,41,44,42,38,42,45,50,42,49,45,47,49,50,47,50,45,43,38,44,48,47,42,49,52,39,36,42,43,41,38,44,50,43,41,45,42,44,41,41,43,41,41,42,38,45,45,43,47,43,43,42,36,43,44,44,52,2
42,53,55,46,54,52,47,45,74,49,43,52,43,44,44,41,202,213,90,41,42,38,39,35,214,210,218,161,52,39,33,33,212,222,225,214,161,40,35,34,219,220,221,218,212,92,33,26,242,246,237,232,223,159,45,28,240,252,250,241,228,162,110,37,1
196,193,190,178,145,115,104,97,210,209,207,199,175,149,128,110,218,217,213,208,196,182,166,145,213,212,211,212,208,201,194,182,213,207,204,209,209,203,201,200,220,209,201,206,209,204,203,205,220,213,206,212,219,216,211,207,221,216,206,208,216,220,219,214,2
30,37,35,35,31,36,36,32,45,39,37,38,33,41,49,42,52,49,48,43,41,51,58,44,51,52,48,44,53,53,49,37,55,49,47,55,67,54,45,39,44,42,50,62,59,46,41,36,44,54,61,62,49,41,40,37,59,67,59,53,45,38,34,40,2
255,255,255,255,255,255,255,255,255,255,255,255,255,255,255,255,255,255,255,255,255,255,255,255,255,255,255,255,255,255,255,255,255,255,255,255,255,255,255,255,255,255,255,255,255,255,255,255,255,255,255,255,255,255,255,255,255,255,255,255,255,255,255,255,0
218,223,215,220,231,229,221,228,225,225,224,228,231,244,225,231,232,215,225,241,234,246,237,236,235,235,232,234,234,238,245,237,232,228,226,236,221,186,152,98,215,165,94,62,50,46,44,46,44,45,49,52,51,60,55,46,53,62,76,79,88,90,88,74,1
255,255,254,255,255,255,255,254,255,255,255,255,255,255,255,255,255,255,255,255,254,254,255,255,255,255,255,255,254,254,255,255,254,254,254,254,254,254,254,255,255,255,254,255,255,255,254,253,252,250,247,247,246,244,241,238,236,233,229,226,224,221,215,210,2
255,255,255,255,255,255,255,255,255,255,255,255,255,255,255,255,255,255,255,255,255,255,255,255,255,255,255,255,255,255,255,255,255,255,255,255,255,255,255,255,255,255,255,255,255,255,255,255,255,255,255,255,255,255,255,255,255,255,255,255,255,255,255,255,2
21,23,23,29,51,54,65,61,31,27,24,26,21,28,51,60,36,32,27,28,29,31,32,36,35,43,48,38,39,34,34,37,48,42,45,43,44,46,48,42,53,53,53,63,57,58,56,61,57,63,58,70,67,62,60,71,68,69,71,81,78,71,75,72,1
54,59,57,66,62,52,53,66,66,58,48,59,60,50,48,61,80,73,58,59,64,63,57,55,75,76,67,60,66,74,70,60,66,68,68,64,66,69,69,67,64,67,74,70,68,65,63,64,67,69,75,66,65,67,64,58,83,77,73,59,60,65,63,56,2
255,255,255,255,255,255,255,255,255,255,255,255,255,255,255,255,255,255,255,255,255,255,255,255,255,255,255,255,255,255,255,255,255,255,255,255,255,255,255,255,255,255,255,255,255,255,255,255,255,255,255,255,255,255,255,255,255,255,255,255,255,255,255,255,2
255,255,255,255,255,255,255,255,255,255,255,255,255,255,255,255,255,255,255,255,255,255,255,255,255,255,255,255,255,255,255,255,255,255,255,255,255,255,255,255,255,255,255,255,255,255,255,255,255,255,255,255,255,255,255,255,255,255,255,255,255,255,255,255,0
36,38,39,41,43,43,44,48,34,36,36,36,37,37,38,42,12,19,27,34,38,37,35,37,15,15,12,11,12,15,20,26,11,12,12,13,16,18,20,23,13,14,13,14,17,18,19,21,11,14,15,16,18,19,20,24,16,18,19,18,18,18,20,25,1
150,152,163,180,189,187,173,150,160,158,161,170,174,175,170,154,187,184,182,183,180,178,175,164,199,200,198,197,192,186,182,172,197,198,195,192,186,181,176,168,188,189,185,181,178,172,168,161,171,174,172,171,172,168,165,159,164,167,164,164,165,164,162,158,2
255,255,255,255,255,255,255,255,255,255,255,255,255,255,255,255,255,255,255,255,255,255,255,255,255,255,255,255,255,255,255,255,255,255,255,255,255,255,255,255,255,255,255,255,255,255,255,255,255,255,255,255,255,255,255,255,255,255,255,255,255,255,255,255,2
249,249,249,249,249,249,249,249,249,249,249,249,249,249,249,249,250,250,250,250,250,250,250,250,250,250,250,250,250,250,250,250,251,251,251,251,251,251,251,251,252,252,252,252,252,252,252,252,252,252,252,252,252,252,252,252,253,253,253,253,253,253,253,253,2
58,58,55,52,50,41,35,30,74,68,62,65,53,49,43,35,95,108,106,78,63,49,37,51,173,193,196,135,69,53,42,109,207,208,205,129,77,43,59,164,209,210,172,93,66,47,150,186,157,154,110,68,50,84,162,192,143,135,64,52,52,137,195,198,1
151,168,162,150,171,180,131,27,150,144,135,117,138,161,98,27,140,141,121,122,130,153,73,22,135,120,118,117,124,134,39,25,122,113,109,118,115,107,23,21,125,116,102,112,103,69,23,25,123,116,98,116,104,25,30,31,110,115,95,100,56,22,24,41,1
110,123,128,95,73,55,50,50,94,102,94,98,101,82,59,40,82,79,84,90,89,94,77,48,105,97,90,93,93,90,87,68,110,106,103,95,84,91,93,89,164,182,120,88,92,93,94,92,234,229,164,96,91,88,91,105,249,237,187,91,94,92,94,99,0
255,255,255,255,255,255,255,255,255,255,255,255,255,255,255,255,255,255,255,255,255,255,255,255,255,255,255,255,255,255,255,255,255,255,255,255,255,255,255,255,255,255,255,255,255,255,255,255,255,255,255,255,255,255,255,255,255,255,255,255,255,255,255,255,0
255,255,255,255,255,255,255,255,255,255,255,255,255,255,255,255,255,255,255,255,255,255,255,255,255,255,255,255,255,255,255,255,255,255,255,255,255,255,255,255,255,255,255,255,255,255,255,255,255,255,255,255,255,255,255,255,255,255,255,255,255,255,255,255,2
255,255,255,255,255,255,255,255,255,255,255,255,255,255,255,255,255,255,255,255,255,255,255,255,255,255,255,255,255,255,255,255,255,255,255,255,255,255,255,255,255,255,255,255,255,255,255,255,255,255,255,255,255,255,255,255,255,255,255,255,255,255,255,255,2
106,149,155,169,183,199,206,226,99,121,141,173,177,189,199,204,97,118,136,150,164,183,202,202,103,113,135,142,160,172,200,201,98,116,130,139,162,165,177,193,98,109,130,154,150,162,175,189,97,104,122,157,159,163,166,189,100,102,113,137,154,166,168,173,1
255,255,255,255,255,255,255,255,255,255,255,255,255,255,255,255,255,255,255,255,255,255,255,255,255,255,255,255,255,255,255,255,255,255,255,255,255,255,255,255,255,255,255,255,255,255,255,255,255,255,255,255,255,255,255,255,255,255,255,255,255,255,255,255,2
114,137,135,162,174,139,26,23,99,123,146,141,154,46,21,24,83,80,94,96,56,26,22,63,69,63,57,34,24,22,34,67,69,41,33,27,26,25,51,65,62,36,29,30,22,30,62,63,161,82,43,34,28,47,60,67,190,174,67,35,35,47,58,65,1
246,248,249,250,249,246,243,244,241,244,247,248,249,247,245,245,235,240,244,248,250,249,247,248,235,239,243,245,247,248,248,250,237,241,242,242,244,245,247,249,227,236,243,247,248,248,247,247,217,230,243,250,252,251,248,247,219,231,241,246,248,248,248,249,2
255,255,255,255,255,255,255,255,255,255,255,255,255,255,255,255,255,255,255,255,255,255,255,255,255,255,255,255,255,255,255,255,255,255,255,255,255,255,255,255,255,255,255,255,255,255,255,255,255,255,255,255,255,255,255,255,255,255,255,255,255,255,255,255,0
52,51,51,53,52,44,41,48,54,51,46,47,53,53,47,43,50,47,48,54,54,44,42,49,50,48,45,46,46,44,43,44,53,50,50,52,53,51,48,45,57,54,60,66,61,53,52,57,67,64,61,57,53,55,57,53,73,66,65,66,59,53,50,48,2
99,87,105,152,174,189,192,201,79,94,137,154,166,182,194,191,66,121,148,188,166,174,179,196,105,146,149,146,163,206,180,205,104,124,141,151,163,164,177,174,99,107,130,143,167,170,177,166,92,94,128,124,135,147,155,155,81,92,100,118,132,150,150,137,1
44,36,33,20,17,14,31,40,42,57,26,23,23,11,23,40,30,31,23,24,16,15,15,36,28,26,28,25,25,18,18,38,32,27,30,22,25,17,18,35,33,30,32,27,25,24,20,28,26,43,28,29,32,24,19,18,34,29,38,33,26,34,29,18,1
165,158,157,149,141,113,104,118,151,139,156,164,138,71,72,57,134,133,157,133,93,55,46,43,123,136,131,107,45,38,45,44,116,105,112,50,39,41,44,49,115,115,60,37,44,49,52,51,79,58,32,40,41,53,48,57,31,35,37,43,49,50,55,58,1
58,57,56,56,58,60,61,62,66,68,67,63,60,61,62,62,72,75,74,69,65,65,64,62,60,63,67,69,71,73,73,71,50,49,49,52,56,62,72,80,70,66,62,59,53,50,57,68,51,54,59,63,59,54,54,58,43,43,45,48,49,49,50,52,0
255,255,255,255,255,255,255,255,255,255,255,255,255,255,255,255,255,255,255,255,255,255,255,255,255,255,255,255,255,255,255,255,255,255,255,255,255,255,255,255,255,255,255,255,255,255,255,255,255,255,255,255,255,255,255,255,255,255,255,255,255,255,255,255,2
60,62,53,39,43,49,43,47,56,48,47,41,37,43,43,37,47,40,44,41,31,35,40,35,49,45,38,32,34,35,32,30,39,44,36,30,33,32,30,34,30,34,36,36,34,32,35,36,39,34,35,45,46,40,38,32,36,38,43,56,55,42,42,46,1
255,255,255,255,255,255,255,255,255,255,255,255,255,255,255,255,255,255,255,255,255,255,255,255,255,255,255,255,255,255,255,255,255,255,255,255,255,255,255,255,255,255,255,255,255,255,255,255,255,255,255,255,255,255,255,255,255,255,255,255,255,255,255,255,0
37,34,33,31,27,25,25,24,41,35,31,30,28,26,25,23,37,32,28,28,26,25,23,21,29,27,27,27,24,23,23,22,30,27,27,28,26,24,25,24,37,31,27,27,27,27,26,24,35,29,26,26,27,27,26,24,27,24,25,27,27,26,26,25,2
255,255,255,255,255,255,255,255,255,255,255,255,255,255,255,255,255,255,255,255,255,255,255,255,255,255,255,255,255,255,255,255,255,255,255,255,255,255,255,255,255,255,255,255,255,255,255,255,255,255,255,255,255,255,255,255,255,255,255,255,255,255,255,255,2
255,255,255,255,255,255,255,255,255,255,255,255,255,255,255,255,255,255,255,255,255,255,255,255,255,255,255,255,255,255,255,255,255,255,255,255,255,255,255,255,255,255,255,255,255,255,255,255,255,255,255,255,255,255,255,255,255,255,254,254,254,254,255,255,2
173,189,195,201,198,205,215,216,174,191,207,217,218,226,237,243,191,205,220,228,241,244,244,250,214,216,229,233,243,247,245,244,219,208,216,218,225,233,231,216,208,213,217,216,224,225,218,213,197,213,215,218,225,224,223,232,217,202,192,208,219,235,239,227,2
224,221,217,217,212,187,34,32,222,217,212,207,205,153,39,37,210,214,207,208,200,109,31,40,207,206,200,195,188,41,37,31,195,197,204,187,157,31,28,34,186,183,178,172,59,24,28,27,178,171,166,115,27,32,27,28,147,145,122,29,26,24,30,29,1
19,20,17,15,21,32,35,31,23,20,18,19,19,17,19,23,22,19,17,18,18,16,15,16,26,25,23,21,18,17,16,16,21,21,23,23,20,16,21,28,22,23,23,19,15,14,16,18,17,19,18,15,17,21,20,15,20,18,19,22,24,22,20,20,1
255,255,255,255,255,255,255,255,255,255,255,255,255,255,255,255,255,255,255,255,255,255,255,255,255,255,255,255,255,255,255,255,255,255,255,255,255,255,255,255,255,255,255,255,255,255,255,255,255,255,255,255,255,255,255,255,255,255,255,255,255,255,255,255,2
83,74,66,117,116,75,70,109,79,78,72,82,150,76,65,192,85,71,79,72,175,90,136,245,92,79,73,71,155,158,230,254,114,73,70,80,151,234,255,220,81,81,75,85,152,245,237,145,77,79,68,90,170,240,172,121,77,74,74,111,177,180,127,121,0
198,197,196,195,193,192,191,190,202,202,201,200,198,197,196,196,207,207,206,205,204,203,202,202,212,211,211,210,208,207,207,206,217,216,216,214,213,212,211,211,221,221,220,219,218,217,216,216,224,224,223,222,222,221,221,220,226,226,226,225,225,224,224,224,2
69,67,64,55,65,67,67,65,75,68,68,67,65,63,71,71,123,72,75,69,69,67,71,69,187,93,76,80,76,72,69,67,208,162,91,66,77,81,73,75,209,219,166,91,81,74,78,83,207,209,221,171,124,87,94,92,211,213,210,218,209,176,148,134,0
146,126,136,84,84,78,71,82,133,82,130,99,103,74,86,77,121,103,126,161,55,73,87,80,119,111,105,136,84,71,58,69,108,117,89,140,106,75,64,74,116,109,123,137,130,90,88,69,123,122,114,100,141,95,80,78,117,108,124,113,141,114,78,65,1
255,255,255,255,255,255,255,255,255,255,255,255,255,255,255,255,255,255,255,255,255,255,255,255,255,255,255,255,255,255,255,255,255,255,255,255,255,255,255,255,255,255,255,255,255,255,255,255,255,255,255,255,255,255,255,255,255,255,255,255,255,255,255,255,0
156,150,156,158,151,154,144,143,147,148,154,183,172,158,165,150,145,151,171,199,197,201,209,185,147,149,172,192,195,200,202,200,159,196,216,223,217,195,187,186,173,232,239,211,201,191,185,177,176,212,220,190,185,184,173,171,180,192,202,187,182,176,164,162,2
255,255,255,255,255,255,255,255,255,255,255,255,255,255,255,255,255,255,255,255,255,255,255,255,255,255,255,255,255,255,255,255,255,255,255,255,255,255,255,255,255,255,255,255,255,255,255,255,255,255,255,255,255,255,255,255,255,255,255,255,255,255,255,255,2
255,255,255,255,255,255,255,255,255,255,255,255,255,255,255,255,255,255,255,255,255,255,255,255,255,255,255,255,255,255,255,255,255,255,255,255,255,255,255,255,255,255,255,255,255,255,255,255,255,255,255,255,255,255,255,255,255,255,255,255,255,255,255,255,2
53,66,51,50,57,58,59,66,62,63,64,69,64,78,133,103,63,64,68,64,60,175,193,160,59,62,60,67,78,116,128,122,28,48,57,58,66,76,68,45,22,26,32,32,37,36,47,46,22,35,40,36,40,45,45,47,25,37,38,36,42,41,43,53,1
144,139,148,140,108,84,84,73,143,152,139,102,90,80,67,57,146,136,91,77,70,98,62,56,144,78,62,58,54,57,56,51,77,65,60,54,52,59,47,56,62,59,52,53,50,50,54,82,52,60,52,52,54,55,76,107,55,53,45,51,53,63,95,107,1
255,255,255,255,255,255,255,255,255,255,255,255,255,255,255,255,255,255,255,255,255,255,255,255,255,255,255,255,255,255,255,255,255,255,255,255,255,255,255,255,255,255,255,255,255,255,255,255,255,255,255,255,255,255,255,255,255,255,255,255,255,255,255,255,0
157,157,157,158,160,161,162,162,166,166,167,168,169,170,171,171,176,176,177,177,178,179,180,181,183,184,185,185,185,186,187,188,192,192,193,193,193,194,195,195,199,199,199,199,200,200,201,202,205,205,204,205,206,206,207,207,210,209,209,209,210,211,212,212,2
241,241,241,241,241,241,241,241,242,242,242,241,241,241,241,241,242,242,242,242,242,242,242,242,243,243,243,243,243,243,243,243,243,243,243,243,243,243,243,243,244,244,244,244,244,244,244,244,245,245,245,245,245,245,245,245,245,245,245,245,245,245,245,245,2
255,255,255,255,255,255,255,255,255,255,255,255,255,255,255,255,255,255,255,255,255,255,255,255,255,255,255,255,255,255,255,255,255,255,255,255,255,255,255,255,255,255,255,255,255,255,255,255,255,255,255,255,255,255,255,255,255,255,255,255,255,255,255,255,2
179,184,178,184,199,187,171,179,156,159,153,150,157,149,129,118,75,83,81,70,67,69,59,42,25,28,32,34,31,29,32,36,32,37,37,36,38,38,39,46,36,43,37,29,33,36,37,40,35,33,30,32,34,32,37,50,33,38,39,34,33,37,39,38,2
255,255,255,255,255,255,255,255,255,255,255,255,255,255,255,255,255,255,255,255,255,255,255,255,255,255,255,255,255,255,255,255,255,255,255,255,255,255,255,255,255,255,255,255,255,255,255,255,255,255,255,255,255,255,255,255,255,255,255,255,255,255,255,255,0
255,255,255,255,255,255,255,255,255,255,255,255,255,255,255,255,255,255,255,255,255,255,255,255,255,255,255,255,255,255,255,255,255,255,255,255,255,255,255,255,255,255,255,255,255,255,255,255,255,255,255,255,255,255,255,255,255,255,255,255,255,255,255,255,2
167,171,180,196,198,191,163,220,160,157,157,162,170,155,167,252,136,133,133,147,141,106,229,250,108,107,116,112,86,169,248,248,89,98,88,80,90,242,251,198,70,68,72,94,228,251,253,79,61,68,70,216,250,254,221,50,52,38,117,247,248,241,152,36,1
105,57,35,37,37,30,31,28,92,38,37,35,30,32,29,26,59,33,32,27,29,27,24,18,29,31,27,26,26,20,20,23,24,18,17,20,17,18,13,18,24,21,16,18,18,20,17,16,41,26,19,17,15,12,20,20,111,33,26,22,21,22,23,18,1
181,170,154,153,178,196,204,224,221,196,168,160,167,178,197,215,230,216,190,176,170,175,196,211,227,231,210,187,182,186,199,213,219,228,225,206,193,187,191,207,217,215,226,227,212,197,187,191,222,216,221,229,227,218,203,189,193,219,228,226,225,223,219,210,2
192,191,213,233,222,211,208,197,185,184,186,188,184,180,184,190,181,181,186,185,177,176,184,189,177,175,176,172,166,168,170,170,157,157,149,143,155,160,152,156,144,144,142,138,143,142,132,135,135,132,139,137,135,137,136,142,129,128,129,128,136,139,136,150,2
131,134,138,143,149,153,160,168,130,134,139,143,148,153,158,164,128,134,139,143,148,152,156,160,128,135,139,142,147,151,154,157,129,135,139,142,146,151,154,157,131,136,139,141,146,149,153,156,132,135,138,141,145,148,151,155,133,135,137,141,145,146,149,154,2
255,255,255,255,255,255,255,255,255,255,255,255,255,255,255,255,255,255,255,255,255,255,255,255,255,255,255,255,255,255,255,255,255,255,255,255,255,255,255,255,255,255,255,255,255,255,255,255,255,255,255,255,255,255,255,255,255,255,255,255,255,255,255,255,2
43,42,41,46,46,40,39,40,41,43,47,46,43,43,43,42,36,41,54,52,44,44,44,46,32,28,43,51,51,49,41,41,45,33,38,42,44,46,44,51,61,51,45,40,41,45,45,51,58,53,45,44,52,51,37,29,49,53,47,46,50,43,36,36,2
213,213,213,213,214,214,214,214,218,218,218,218,218,219,219,218,222,222,223,223,222,222,223,223,225,226,226,226,225,225,225,226,229,229,229,228,228,228,228,228,232,232,231,231,230,230,230,231,235,234,233,233,233,233,233,233,237,236,235,235,235,236,235,235,2
41,41,42,38,34,35,36,32,40,43,45,42,37,34,34,33,43,45,44,40,35,31,31,33,47,40,32,32,40,40,34,31,40,42,40,38,37,33,30,33,44,42,38,34,34,32,30,29,40,39,37,32,28,30,36,38,44,42,41,36,31,33,38,37,2
255,255,255,255,255,255,255,255,255,255,255,255,255,255,255,255,255,255,255,255,255,255,255,255,255,255,255,255,255,255,255,255,255,255,255,255,255,255,255,255,255,255,255,255,255,255,255,255,255,255,255,255,255,255,255,255,255,255,255,255,255,255,255,255,0
255,255,255,255,255,255,255,255,255,255,255,255,255,255,255,255,255,255,255,255,255,255,255,255,255,255,255,255,255,255,255,255,255,255,255,255,255,255,255,255,255,255,255,255,255,255,255,255,255,255,255,255,255,255,255,255,255,255,255,255,255,255,255,255,0
210,222,224,227,226,220,207,176,199,208,213,219,220,217,208,186,191,190,195,203,208,211,208,198,193,180,181,189,195,200,199,199,190,173,175,183,185,184,183,191,169,160,168,176,174,170,171,181,145,144,153,160,158,159,164,171,134,135,139,143,144,151,160,162,2
74,73,63,57,55,64,77,69,72,67,57,57,56,61,71,65,69,61,53,57,57,58,64,62,64,57,52,56,57,56,61,62,57,54,52,54,55,55,60,62,52,53,53,53,54,56,59,62,50,53,54,53,54,56,58,62,50,52,53,52,54,56,57,61,0
220,218,213,207,200,193,184,177,232,231,229,225,219,213,205,200,240,240,239,236,233,229,224,220,246,246,244,242,240,238,236,234,249,249,249,247,245,244,242,241,248,249,250,249,248,247,245,243,248,249,249,249,249,250,249,247,245,245,244,244,246,248,249,249,2
255,255,255,255,255,255,255,255,255,255,255,255,255,255,255,255,255,255,255,255,255,255,255,255,255,255,255,255,255,255,255,255,255,255,255,255,255,255,255,255,255,255,255,255,255,255,255,255,255,255,255,255,255,255,255,255,255,255,255,255,255,255,255,255,0
255,255,255,255,255,255,255,255,255,255,255,255,255,255,255,255,255,255,255,255,255,255,255,255,255,255,255,255,255,255,255,255,255,255,255,255,255,255,255,255,255,255,255,255,255,255,255,255,255,255,255,255,255,255,255,255,255,255,255,255,255,255,255,255,0
79,83,81,79,68,63,56,42,79,74,75,68,66,60,46,42,71,79,70,65,59,46,46,30,75,74,68,57,45,39,37,31,73,84,71,54,38,34,25,27,68,80,46,36,37,30,17,31,60,53,40,32,27,21,26,92,42,36,29,24,19,25,49,98,1
106,118,52,55,63,63,58,67,107,109,38,46,56,60,60,59,98,101,34,30,38,48,53,55,100,69,29,23,21,38,49,46,102,49,33,25,21,19,21,40,99,31,30,26,22,19,12,13,55,28,26,20,20,18,11,13,29,25,20,20,15,11,13,14,1
255,255,255,255,255,255,255,255,255,255,255,255,255,255,255,255,255,255,255,255,255,255,255,255,255,255,255,255,255,255,255,255,255,255,255,255,255,255,255,255,255,255,255,255,255,255,255,255,255,255,255,255,255,255,255,255,255,255,255,255,255,255,255,255,2
255,255,255,255,255,255,255,255,255,255,255,255,255,255,255,255,255,255,255,255,255,255,255,255,255,255,255,255,255,255,255,255,255,255,255,255,255,255,255,255,255,255,255,255,255,255,255,255,255,255,255,255,255,255,255,255,255,255,255,255,255,255,255,255,2
49,56,81,94,120,135,147,141,50,47,70,100,115,125,140,203,49,50,70,90,102,129,137,205,51,47,75,98,111,135,138,171,47,44,64,93,103,118,133,152,44,57,60,83,93,119,137,147,39,52,56,83,96,119,129,140,47,46,58,78,85,102,116,137,1
255,255,255,255,255,255,255,255,255,255,255,255,255,255,255,255,255,255,255,255,255,255,255,255,255,255,255,255,255,255,255,255,255,255,255,255,255,255,255,255,255,255,255,255,255,255,255,255,255,255,255,255,255,255,255,255,255,255,255,255,255,255,255,255,0
255,255,255,255,255,255,255,255,255,255,255,255,255,255,255,255,255,255,255,255,255,255,255,255,255,255,255,255,255,255,255,255,255,255,255,255,255,255,255,255,255,255,255,255,255,255,255,255,255,255,255,255,255,255,255,255,255,255,255,255,255,255,255,255,0
227,226,225,225,226,226,224,223,230,229,229,229,230,230,229,228,233,233,232,233,233,233,232,231,236,235,235,235,235,235,234,233,238,238,238,238,237,237,236,236,239,239,239,240,240,239,239,239,241,241,241,241,241,241,241,241,243,243,243,243,243,242,242,242,2
97,107,122,138,143,163,192,215,94,107,109,122,137,145,182,200,84,99,110,107,125,147,169,182,100,89,95,96,113,140,145,155,90,90,92,100,99,97,105,99,95,94,88,87,90,80,84,89,94,88,92,93,91,79,76,166,85,86,84,83,73,76,78,240,1
255,255,255,255,255,255,255,255,255,255,255,255,255,255,255,255,255,255,255,255,255,255,255,255,255,255,255,255,255,255,255,255,255,255,255,255,255,255,255,255,255,255,255,255,255,255,255,255,255,255,255,255,255,255,255,255,255,255,255,255,255,255,255,255,0
39,41,37,38,41,26,21,21,43,34,41,42,42,24,21,17,85,62,49,40,38,20,18,22,84,84,78,72,59,37,23,22,83,78,73,75,68,65,55,65,80,74,73,69,69,69,166,138,72,72,69,69,132,198,182,176,73,73,106,192,194,188,155,86,1
100,131,151,156,178,182,198,211,122,155,174,189,203,209,210,213,145,176,189,197,203,216,218,219,166,190,203,200,205,216,221,217,197,208,214,212,215,221,220,216,218,218,216,219,216,221,217,223,218,219,217,216,217,220,215,220,219,218,215,199,213,218,217,211,2
255,255,255,255,255,255,255,255,255,255,255,255,255,255,255,255,255,255,255,255,255,255,255,255,255,255,255,255,255,255,255,255,255,255,255,255,255,255,255,255,255,255,255,255,255,255,255,255,255,255,255,255,255,255,255,255,255,255,255,255,255,255,255,255,2
218,221,221,222,227,235,245,253,218,220,221,221,225,231,240,249,218,220,221,221,223,225,233,243,219,220,221,222,223,223,228,237,219,220,220,223,225,224,225,231,219,220,220,223,226,225,224,227,220,221,222,223,226,226,225,226,220,223,223,224,226,226,226,227,2
199,193,191,189,191,205,216,221,206,196,195,199,190,189,195,211,202,200,199,204,199,203,198,199,205,203,205,210,213,218,212,209,212,215,219,212,214,218,221,221,218,220,224,213,220,224,227,224,222,217,220,222,233,229,225,227,219,226,230,226,226,227,223,225,2
255,255,255,255,255,255,255,255,255,255,255,255,255,255,255,255,255,255,255,255,255,255,255,255,255,255,255,255,255,255,255,255,255,255,255,255,255,255,255,255,255,255,255,255,255,255,255,255,255,255,255,255,255,255,255,255,255,255,255,255,255,255,255,255,2
255,255,255,255,255,255,255,255,255,255,255,255,255,255,255,255,255,255,255,255,255,255,255,255,255,255,255,255,255,255,255,255,255,255,255,255,255,255,255,255,255,255,255,255,255,255,255,255,255,255,255,255,255,255,255,255,255,255,255,255,255,255,255,255,2
173,172,171,170,169,169,168,167,178,178,177,175,175,175,174,173,185,185,184,183,182,182,182,181,193,192,191,190,190,190,189,188,199,199,198,197,197,197,196,195,205,205,204,203,202,203,202,201,211,211,210,209,209,209,208,207,217,217,216,215,215,215,214,213,2
79,82,64,24,21,15,12,28,20,76,81,58,18,18,20,31,21,19,87,80,58,53,58,57,33,23,47,86,62,33,21,41,13,39,33,82,74,18,14,40,19,18,37,56,88,18,17,16,18,15,13,42,86,51,15,17,19,18,11,27,77,78,15,17,1
175,184,209,198,215,230,229,224,166,171,187,190,201,217,219,218,147,160,174,184,185,199,204,208,135,151,163,168,181,198,200,200,129,144,158,151,173,186,190,198,122,138,158,150,170,174,183,201,109,117,131,139,158,165,173,186,108,115,120,136,142,154,166,174,1
255,255,255,255,255,255,255,255,255,255,255,255,255,255,255,255,255,255,255,255,255,255,255,255,255,255,255,255,255,255,255,255,255,255,255,255,255,255,255,255,255,255,255,255,255,255,255,255,255,255,255,255,255,255,255,255,255,255,255,255,255,255,255,255,2
188,191,195,198,199,201,203,205,189,192,195,197,199,200,203,205,190,193,196,197,198,200,203,205,191,194,196,198,200,201,204,206,193,195,198,200,201,203,205,207,194,197,199,202,203,205,206,208,197,199,201,202,204,205,207,208,199,200,202,203,204,205,207,208,2
255,255,255,255,255,255,255,255,255,255,255,255,255,255,255,255,255,255,255,255,255,255,255,255,255,255,255,255,255,255,255,255,255,255,255,255,255,255,255,255,255,255,255,255,255,255,255,255,255,255,255,255,255,255,255,255,255,255,255,255,255,255,255,255,0
82,70,58,46,38,24,19,19,49,42,33,27,27,41,50,45,32,47,61,74,70,66,62,66,79,76,77,73,57,63,79,85,73,62,51,52,71,83,88,88,52,57,74,82,85,84,89,87,65,82,85,81,87,91,90,90,83,89,87,91,91,89,83,89,1
63,58,58,64,62,51,60,67,69,66,67,61,60,59,60,58,67,66,70,61,63,68,62,54,67,64,68,67,70,71,68,65,72,68,68,71,72,66,72,73,75,75,75,77,76,68,73,71,78,76,78,78,78,72,71,66,78,69,70,65,67,65,61,59,2
65,70,129,214,127,76,84,76,67,78,140,223,112,68,77,78,68,80,148,227,99,69,74,78,67,77,155,224,91,72,76,73,67,79,170,220,86,68,75,68,68,83,178,218,86,67,76,68,68,84,174,215,85,70,77,74,64,82,168,213,80,70,75,81,0
171,134,110,76,74,64,85,83,255,245,215,115,69,71,66,69,255,255,253,143,66,70,67,69,241,255,232,117,69,67,66,70,94,130,113,61,73,78,70,70,59,68,69,71,74,77,68,66,68,69,70,72,68,72,67,69,68,65,68,68,70,71,70,67,0
220,220,220,219,218,219,215,207,221,222,223,221,217,216,218,218,218,219,220,218,214,213,214,213,219,221,221,217,214,215,213,207,221,223,225,223,218,217,218,215,221,221,225,229,226,223,223,222,222,224,227,225,223,224,225,224,221,229,227,213,204,212,223,224,2
188,180,180,191,212,214,195,168,176,170,172,186,201,211,204,188,169,176,176,183,195,204,193,182,173,195,191,181,190,196,182,174,165,197,212,199,194,189,179,169,154,188,226,223,198,178,171,158,164,190,218,215,192,178,174,168,173,195,200,195,192,194,190,194,2
163,173,187,200,208,219,220,227,156,186,179,201,206,209,233,224,153,170,175,184,191,207,213,210,144,162,167,184,194,202,215,206,122,138,172,176,183,197,200,204,98,123,157,163,170,186,196,195,81,102,120,137,148,171,182,175,77,81,94,112,120,150,148,147,1
31,20,34,51,60,72,73,91,23,19,17,44,64,61,71,76,14,16,19,29,49,54,65,79,20,15,24,20,34,51,56,77,22,19,18,20,21,32,45,57,15,19,18,23,20,29,37,35,24,21,22,19,20,28,34,46,23,18,21,21,25,38,95,165,1
53,54,39,27,33,32,38,43,58,48,29,31,35,34,33,41,61,45,27,31,31,30,33,41,58,40,40,49,48,30,28,31,68,68,79,79,68,52,44,34,71,70,75,80,78,85,75,58,70,68,82,96,84,75,73,81,70,65,80,87,86,79,75,73,0
255,255,255,255,255,255,255,255,255,255,255,255,255,255,255,255,255,255,255,255,255,255,255,255,255,255,255,255,255,255,255,255,255,255,255,255,255,255,255,255,255,255,255,255,255,255,255,255,255,255,255,255,255,255,255,255,255,255,255,255,255,255,255,255,2
162,135,107,93,88,89,108,117,189,146,116,106,102,105,115,140,162,151,129,119,134,141,119,118,153,173,148,123,137,135,115,115,149,176,166,128,130,128,123,123,135,154,172,133,125,136,134,122,131,136,168,157,142,133,124,118,137,129,143,155,155,138,127,128,2
88,57,224,254,255,254,252,255,79,64,230,255,252,255,255,253,93,66,220,254,255,255,254,255,71,68,228,254,255,254,254,255,68,93,252,255,255,254,254,255,65,106,245,251,255,255,255,255,59,137,255,255,255,255,255,251,62,157,255,255,254,252,255,254,2
79,88,90,72,55,48,46,49,80,83,81,76,80,49,47,54,94,84,84,79,86,85,47,42,154,95,82,81,86,117,61,45,160,107,96,87,80,88,70,51,101,92,94,85,82,80,80,55,83,90,97,92,83,80,77,70,85,87,86,86,85,86,85,70,0
255,255,255,255,255,255,255,255,255,255,255,255,255,255,255,255,255,255,255,255,255,255,255,255,255,255,255,255,255,255,255,255,255,255,255,255,255,255,255,255,255,255,255,255,255,255,255,255,255,255,255,255,255,255,255,255,255,255,255,255,255,255,255,255,0
241,173,202,49,28,28,30,28,196,195,194,80,44,56,36,31,186,175,183,208,213,250,219,185,192,183,165,201,217,237,228,206,167,161,160,160,168,193,80,77,171,157,138,133,172,37,36,30,151,138,137,123,156,47,34,49,148,117,127,123,142,79,43,45,1
144,128,123,127,113,41,42,46,102,101,108,97,48,48,46,44,92,105,87,56,48,42,47,48,74,77,57,37,45,49,50,50,42,48,41,46,43,51,47,48,47,45,40,49,48,50,55,49,206,147,80,58,56,53,57,98,115,125,140,175,194,194,187,134,1
255,255,255,255,255,255,255,255,255,255,255,255,255,255,255,255,255,255,255,255,255,255,255,255,255,255,255,255,255,255,255,255,255,255,255,255,255,255,255,255,255,255,255,255,255,255,255,255,255,255,255,255,255,255,255,255,255,255,255,255,255,255,255,255,2
255,255,255,255,255,255,255,255,255,255,255,255,255,255,255,255,255,255,255,255,255,255,255,255,255,255,255,255,255,255,255,255,255,255,255,255,255,255,255,255,255,255,255,255,255,255,255,255,255,255,255,255,255,255,255,255,255,255,255,255,255,255,255,255,2
30,30,27,24,20,15,13,16,22,22,22,22,24,25,24,24,24,26,27,28,31,32,31,28,29,32,37,39,38,37,37,36,35,35,40,44,42,40,41,40,37,34,37,41,42,44,46,42,34,33,35,36,38,47,52,47,36,38,39,33,31,42,50,44,1
255,255,255,255,255,255,255,255,255,255,255,255,255,255,255,255,255,255,255,255,255,255,255,255,255,255,255,255,255,255,255,255,255,255,255,255,255,255,255,255,254,255,255,255,255,255,255,255,254,254,255,255,255,255,255,255,254,254,255,255,255,255,255,255,2
237,237,237,237,237,237,237,237,239,239,239,239,239,239,239,239,241,241,241,241,241,241,241,241,243,243,243,243,243,243,243,243,245,245,245,245,245,245,245,245,246,246,246,246,246,246,246,246,248,248,248,248,248,248,248,248,249,249,249,249,249,249,249,249,2
255,255,255,255,255,255,255,255,255,255,255,255,255,255,255,255,255,255,255,255,255,255,255,255,255,255,255,255,255,255,255,255,255,255,255,255,255,255,255,255,255,255,255,255,255,255,255,255,255,255,255,255,255,255,255,255,255,255,255,255,255,255,255,255,2
253,253,253,253,253,253,253,253,253,253,253,253,253,253,253,253,254,254,254,254,253,253,253,253,254,254,254,254,254,254,254,253,254,254,254,254,254,254,254,255,254,254,254,254,255,255,255,255,255,255,255,255,255,255,255,255,255,255,255,255,255,255,255,255,2
53,53,55,57,60,65,56,64,54,55,54,53,57,56,55,61,49,52,50,48,54,49,53,56,41,45,48,49,53,49,47,46,48,46,46,43,42,46,38,39,65,60,59,54,49,54,42,40,62,62,66,65,63,61,48,39,69,68,66,63,66,66,67,59,0
71,82,83,75,100,90,98,75,84,84,71,103,194,220,169,96,80,79,81,90,167,245,252,175,71,75,83,85,184,255,251,242,76,88,85,79,112,199,247,244,82,72,70,86,85,92,107,117,73,78,74,89,83,70,82,77,107,105,78,78,79,86,76,88,0
255,255,255,255,255,255,255,255,255,255,255,255,255,255,255,255,255,255,255,255,255,255,255,255,255,255,255,255,255,255,255,255,255,255,255,255,255,255,255,255,255,255,255,255,255,255,255,255,255,255,255,255,255,255,255,255,255,255,255,255,255,255,255,255,2
213,202,190,178,157,136,130,137,227,222,215,206,194,177,158,145,235,234,228,219,213,207,193,179,240,240,237,231,226,221,214,207,245,243,240,239,237,234,228,224,244,243,241,239,240,242,240,237,244,246,247,247,246,245,242,238,247,245,245,248,248,245,242,241,2
255,255,255,255,255,255,254,254,255,255,255,255,255,255,254,254,255,255,255,255,255,255,255,254,255,255,255,255,255,255,255,255,255,255,255,255,255,255,255,255,255,255,255,255,255,255,255,255,255,255,255,255,255,255,255,255,255,255,255,255,255,255,255,255,2
87,95,94,102,98,94,100,107,87,98,93,98,92,96,91,92,94,96,100,92,90,89,88,84,71,79,94,88,92,85,83,94,46,69,83,90,89,79,58,78,29,43,68,82,83,82,70,73,28,23,45,54,69,76,83,76,25,21,19,25,52,63,66,74,1
255,255,255,255,255,255,255,254,254,254,254,254,254,255,255,255,255,255,254,255,255,254,255,255,255,254,253,255,255,255,255,255,255,253,252,253,254,255,255,255,255,255,254,252,253,255,255,255,248,252,255,254,253,254,255,254,234,244,253,255,254,255,255,254,2
255,255,255,255,255,255,255,255,255,255,255,255,255,255,255,255,255,255,255,255,255,255,255,255,255,255,255,255,255,255,255,255,255,255,255,255,255,255,255,255,255,255,255,255,255,255,255,255,255,255,255,255,255,255,255,255,255,255,255,255,255,255,255,255,2
40,95,142,178,173,179,189,169,89,141,167,190,197,180,163,196,127,163,177,187,180,175,169,185,151,157,172,165,170,179,166,177,160,162,171,156,182,174,178,182,155,180,146,161,191,193,192,186,153,157,169,168,198,188,202,204,151,163,166,163,209,201,193,208,1
55,54,51,56,56,79,91,71,51,50,47,57,57,72,69,62,53,49,57,56,60,66,63,99,42,44,57,65,85,74,90,106,41,43,59,51,68,81,116,112,48,52,49,81,104,96,118,117,45,62,56,66,81,98,101,109,43,51,50,57,59,85,79,66,0
78,130,85,86,78,75,82,81,60,132,125,81,103,118,76,95,74,90,167,99,104,114,112,83,66,68,147,170,220,230,211,140,67,51,186,255,251,255,255,165,57,64,201,252,237,255,255,221,73,71,126,120,96,151,128,191,76,71,60,57,90,67,67,84,0
255,255,255,255,255,255,255,255,255,255,255,255,255,255,255,255,255,255,255,255,255,255,255,255,255,255,255,255,255,255,255,255,255,255,255,255,255,255,255,255,255,255,255,255,255,255,255,255,255,255,255,255,255,255,255,255,255,255,255,255,255,255,255,255,2
255,255,255,255,255,255,255,255,255,255,255,255,255,255,255,255,255,255,255,255,255,255,255,255,255,255,255,255,255,255,255,255,255,255,255,255,255,255,255,255,255,255,255,255,255,255,255,255,255,255,255,255,255,255,255,255,255,255,255,255,255,255,255,255,2
70,71,65,69,75,71,76,73,70,67,67,79,78,77,69,73,61,73,68,86,73,63,75,73,56,65,58,58,65,71,75,68,63,59,61,69,59,63,74,67,94,108,77,72,62,62,66,79,94,95,89,91,81,81,60,75,85,91,89,90,108,150,128,68,0
255,255,252,255,254,248,224,180,254,255,253,255,255,255,243,212,255,255,254,255,254,255,255,239,255,255,255,255,253,252,255,250,255,254,255,255,255,253,255,254,255,254,254,255,255,255,255,255,255,254,255,254,254,254,254,254,254,255,255,254,254,255,254,254,2
255,255,254,255,255,255,245,213,255,255,254,255,255,255,248,220,255,255,254,255,254,255,251,232,255,255,254,255,255,255,254,242,255,255,255,255,255,255,254,249,255,255,255,255,255,255,255,253,255,255,255,255,255,255,255,254,255,255,255,254,255,255,255,255,2
176,189,196,177,135,102,131,149,194,189,187,162,132,108,106,96,184,169,163,151,145,133,105,59,184,174,163,159,159,154,138,93,170,168,167,164,157,156,160,141,126,122,133,139,144,155,159,157,99,92,97,103,118,140,151,159,84,88,85,86,92,111,138,154,2
255,255,255,255,255,255,255,255,255,255,255,255,255,255,255,255,255,255,255,255,255,255,255,255,255,255,255,255,255,255,255,255,255,255,255,255,255,255,255,255,255,255,255,255,255,255,255,255,255,255,255,255,255,255,255,255,255,255,255,255,255,255,255,255,2
131,143,130,128,122,109,99,100,109,95,93,100,94,92,97,92,79,105,105,112,127,146,147,124,88,108,128,144,149,168,174,185,93,116,127,144,159,171,188,191,78,101,134,137,156,162,174,187,78,92,114,123,139,151,178,183,63,84,96,115,141,155,162,192,1
255,255,255,255,254,252,248,245,255,255,255,254,254,252,249,246,255,255,255,254,253,252,249,247,255,255,255,254,254,252,250,247,255,255,255,255,255,253,251,248,254,255,255,255,255,254,252,249,255,255,255,255,255,255,253,251,255,255,255,255,255,255,254,252,0
255,255,255,255,255,255,255,255,255,255,255,255,255,255,255,255,255,255,255,255,255,255,255,255,255,255,255,255,255,255,255,255,255,255,255,255,255,255,255,255,255,255,255,255,255,255,255,255,255,255,255,255,255,255,255,255,255,255,255,255,255,255,255,255,2
151,162,173,172,164,161,168,178,145,149,154,156,152,149,149,153,145,144,145,149,151,147,141,138,139,138,139,143,145,142,132,124,138,138,138,139,141,138,126,114,134,132,129,129,131,128,116,105,134,130,125,124,123,117,110,104,137,131,126,123,116,106,103,104,2
68,96,117,149,155,114,97,94,68,89,109,160,169,103,80,92,75,104,118,143,154,101,92,87,67,98,113,134,163,98,88,90,74,92,109,133,148,100,93,88,69,99,122,141,140,119,94,71,63,94,113,136,151,123,76,85,65,84,115,130,142,121,85,87,1
255,255,255,255,255,255,255,255,255,255,255,255,255,255,255,255,255,255,255,255,255,255,255,255,255,255,255,255,255,255,255,255,255,255,255,255,255,255,255,255,255,255,255,255,255,255,255,255,255,255,255,255,255,255,255,255,255,255,255,255,255,255,255,255,0
255,255,255,255,255,255,255,255,255,255,255,255,255,255,255,255,255,255,255,255,255,255,255,255,255,255,255,255,255,255,255,255,255,255,255,255,255,255,255,255,255,255,255,255,255,255,255,255,255,255,255,255,255,255,255,255,255,255,255,255,255,255,255,255,0
88,91,91,99,60,77,65,82,91,82,76,90,110,53,74,73,92,88,84,84,95,85,71,40,89,87,80,84,86,93,69,46,84,78,83,82,79,80,85,67,86,83,78,77,79,79,71,86,82,80,73,74,75,76,78,77,77,72,74,75,71,73,74,70,1
230,230,230,230,231,231,232,232,231,231,232,232,233,233,233,233,232,233,233,234,234,234,234,234,234,234,235,235,236,236,236,236,236,236,236,236,237,237,238,238,237,237,237,237,237,237,238,238,239,239,239,239,239,239,239,239,241,241,241,241,241,241,241,241,2
65,54,46,42,41,40,40,39,53,48,47,48,46,44,42,40,52,50,51,53,51,48,46,43,63,58,55,54,52,52,52,50,70,63,58,56,56,57,56,53,70,65,62,61,61,60,56,50,65,62,61,60,57,55,51,46,56,55,54,51,47,46,47,46,2
255,255,255,255,255,255,255,255,255,255,255,255,255,255,255,255,255,255,255,255,255,255,255,255,255,255,255,255,255,255,255,255,255,255,255,255,255,255,255,255,255,255,255,255,255,255,255,255,255,255,255,255,255,255,255,255,255,255,255,255,255,255,255,255,2
29,25,19,19,22,24,24,24,30,26,22,21,23,24,24,23,30,25,25,25,25,26,26,23,27,23,26,29,28,30,30,25,24,23,28,32,31,33,34,29,24,25,29,33,32,35,35,31,24,27,29,30,31,33,33,31,24,27,28,27,28,30,30,30,1
128,152,176,216,187,180,173,189,36,80,128,210,229,198,178,171,30,32,71,110,209,236,204,190,31,32,36,65,123,181,210,192,30,31,41,38,52,82,165,215,24,37,39,37,47,48,75,137,29,31,40,39,49,50,54,64,23,37,34,52,42,47,59,53,1
255,255,255,255,255,255,255,255,255,255,255,255,255,255,255,255,255,255,255,255,255,255,255,255,255,255,255,255,255,255,255,255,255,255,255,255,255,255,255,255,255,255,255,255,255,255,255,255,255,255,255,255,255,255,255,255,255,255,255,255,255,255,255,255,0
143,147,141,131,133,138,130,116,143,136,130,133,144,151,149,145,136,125,121,134,152,164,169,173,129,124,126,140,158,173,182,185,126,125,131,145,161,176,181,179,130,125,129,144,161,174,174,165,136,128,128,138,153,168,168,155,135,129,125,126,139,158,159,144,2
255,255,255,255,255,255,255,255,255,255,255,255,255,255,255,255,255,255,255,255,255,255,255,255,255,255,255,255,255,255,255,255,255,255,255,255,255,255,255,255,255,255,255,255,255,255,255,255,255,255,255,255,255,255,255,255,255,255,255,255,255,255,255,255,2
80,81,84,77,80,79,81,92,93,78,85,90,84,83,90,94,89,92,92,88,93,90,95,96,90,83,89,89,94,98,88,97,47,42,71,84,97,99,104,103,55,48,16,29,75,95,110,105,67,48,32,21,19,51,189,146,99,64,38,16,18,20,17,90,1
227,230,234,226,224,228,235,232,214,226,238,233,227,228,236,237,227,227,233,232,227,223,232,240,230,225,227,230,233,228,232,237,222,227,230,226,230,232,233,228,222,227,229,225,228,228,225,219,220,222,227,230,236,229,222,219,227,229,230,228,233,229,228,228,2
143,151,150,143,157,197,226,254,146,135,128,125,111,94,111,171,183,157,135,123,114,105,89,88,205,182,170,161,144,133,118,103,203,204,204,195,184,170,147,126,217,212,213,208,200,191,182,166,219,215,223,220,213,214,215,195,217,218,223,223,223,217,215,208,2
243,243,243,243,242,242,242,242,243,243,243,243,243,243,243,243,244,244,244,244,244,244,244,244,244,244,244,245,245,245,245,245,245,245,245,245,245,245,245,245,246,246,246,246,246,246,246,246,247,247,247,247,247,247,247,247,248,248,248,248,248,248,248,248,2
205,209,230,208,203,208,190,87,196,199,216,207,202,196,192,84,180,178,179,210,199,186,196,85,176,166,150,160,177,193,181,84,141,150,162,158,162,165,190,98,127,141,124,150,179,164,192,73,130,139,126,141,163,166,179,56,94,120,128,143,179,164,159,47,1
41,38,43,35,32,33,35,35,43,44,41,40,38,35,42,40,42,46,40,40,35,32,40,45,42,43,42,36,27,27,28,44,44,43,41,35,26,24,21,34,43,41,32,33,29,22,21,20,40,34,26,26,25,19,20,14,39,27,27,20,19,20,19,18,1
40,33,32,26,20,22,22,23,41,60,57,36,26,25,24,22,170,188,176,92,59,54,51,38,174,200,198,192,108,69,63,64,168,181,190,191,175,103,86,95,179,183,189,196,188,185,134,134,166,174,194,180,159,131,101,100,154,159,187,150,122,112,89,73,1
55,48,66,50,55,58,61,78,56,57,47,49,56,53,62,69,57,68,48,68,67,53,66,60,57,57,60,82,69,53,64,56,96,50,71,83,68,57,61,58,150,66,78,80,74,69,63,64,169,97,79,75,74,73,66,67,177,138,92,79,72,70,69,69,0
177,159,88,85,72,71,74,67,177,178,109,86,75,72,66,66,185,186,142,92,83,75,70,70,191,191,195,133,67,79,77,68,193,190,195,182,128,71,78,80,200,199,192,201,199,166,109,89,206,207,210,199,202,206,198,173,212,212,210,208,207,203,208,205,0
46,47,40,45,42,42,80,90,47,49,54,48,46,46,44,47,55,59,55,49,51,52,44,48,59,62,56,60,59,55,52,59,65,60,65,69,62,60,54,59,71,67,66,70,64,65,72,66,73,75,68,73,70,68,82,68,77,73,78,73,73,75,79,76,1
168,168,209,60,39,32,25,27,216,201,176,107,62,41,35,77,221,219,214,206,140,80,104,120,211,215,224,229,212,141,106,87,145,157,168,189,197,206,217,218,129,127,132,131,143,153,177,186,95,91,93,110,70,72,75,124,81,73,74,80,72,44,125,150,1
128,174,244,255,254,255,254,252,102,108,142,152,175,214,236,252,122,100,121,107,122,114,140,169,101,99,110,123,136,105,92,123,84,78,84,100,106,94,92,85,75,86,78,72,74,69,71,69,68,67,81,67,82,67,76,66,89,72,73,68,69,77,78,70,0
64,64,56,51,55,51,55,53,69,70,71,54,56,52,55,56,71,75,89,55,52,54,56,52,72,74,104,72,49,55,57,54,73,71,110,103,54,57,61,63,72,70,105,123,63,66,66,61,68,69,95,137,75,68,65,59,69,68,90,153,88,59,58,69,0
25,26,28,34,35,35,51,69,24,27,36,32,35,55,82,115,25,26,34,37,53,80,102,125,25,30,34,44,59,77,102,119,23,33,39,46,54,68,93,113,23,32,45,43,47,64,77,93,22,32,45,40,38,49,58,74,18,27,35,42,43,42,48,56,1
255,255,255,255,255,255,255,255,255,255,255,255,255,255,255,255,255,255,255,255,255,255,255,255,255,255,255,255,255,255,255,255,255,255,255,255,255,255,255,255,255,255,255,255,255,255,255,255,255,255,255,255,255,255,255,255,255,255,255,255,255,255,255,255,2
255,255,255,255,255,255,255,255,255,255,255,255,255,255,255,255,255,255,255,255,255,255,255,255,255,255,255,255,255,255,255,255,255,255,255,255,255,255,255,255,255,255,255,255,255,255,255,255,255,255,255,255,255,255,255,255,255,255,255,255,255,255,255,255,0
80,82,82,76,71,68,85,202,81,80,83,85,75,77,70,68,79,89,82,86,90,88,86,74,74,83,84,87,88,89,90,85,81,80,82,87,83,94,95,89,81,85,83,88,84,86,90,93,86,83,84,81,76,86,95,87,89,83,92,86,89,91,83,77,1
255,255,255,255,255,255,255,255,255,255,255,255,255,255,255,255,255,255,255,255,255,255,255,255,255,255,255,255,255,255,255,255,255,255,255,255,255,255,255,255,255,255,255,255,255,255,255,255,255,255,255,255,255,255,255,255,255,255,255,255,255,255,255,255,0
20,23,23,24,22,21,19,60,20,24,23,21,22,26,20,25,20,20,23,23,23,65,56,49,24,22,21,19,15,62,59,55,22,26,20,17,16,19,31,21,20,22,19,19,20,9,18,16,21,18,17,15,14,13,15,20,16,17,17,11,16,10,22,17,1
255,255,255,255,255,255,255,255,255,255,255,255,255,255,255,255,255,255,255,255,255,255,255,255,255,255,255,255,255,255,255,255,255,255,255,255,255,255,255,255,255,255,255,255,255,255,255,255,255,255,255,255,255,255,255,255,255,255,255,255,255,255,255,255,2
255,255,255,255,255,255,255,255,255,255,255,255,255,255,255,255,255,255,255,255,255,255,255,255,255,255,255,255,255,255,255,255,255,255,255,255,255,255,255,255,255,255,255,255,255,255,255,255,255,255,255,255,255,255,255,255,255,255,255,255,255,255,255,255,2
59,58,64,63,61,57,46,41,66,64,68,66,68,66,59,50,63,68,69,65,65,66,67,59,68,72,68,71,73,71,68,61,70,77,69,72,71,71,71,76,92,114,100,80,72,77,75,79,127,146,127,86,78,80,79,88,138,149,131,85,77,77,111,166,1
253,253,253,253,253,253,253,253,253,253,253,253,253,253,253,253,254,254,254,254,254,254,254,254,254,254,254,254,254,254,254,254,254,254,254,254,254,254,254,254,254,254,254,254,254,254,254,254,255,255,255,255,255,255,255,255,255,255,255,255,255,255,255,255,2
126,145,158,169,182,195,216,235,110,125,142,156,162,163,180,209,92,107,123,129,137,143,151,172,66,80,102,111,120,124,126,146,83,87,94,94,103,117,121,131,83,102,116,101,85,88,93,98,75,88,112,121,107,89,78,70,77,75,86,102,105,107,108,97,2
14,16,17,14,13,27,32,39,21,17,14,13,20,35,40,44,23,17,15,16,27,38,46,51,22,16,17,22,35,41,50,54,23,15,16,26,42,47,53,54,20,16,17,29,42,47,54,57,17,16,17,31,40,46,54,59,18,17,14,31,41,49,54,56,1
202,201,199,198,197,195,194,193,206,205,203,202,200,198,197,196,210,209,207,206,204,202,200,199,213,212,211,209,208,206,204,203,216,216,214,213,212,211,209,208,219,218,217,216,216,215,213,212,221,221,220,219,219,218,217,216,224,224,223,222,222,221,220,219,2
255,255,255,255,255,255,255,255,255,255,255,255,255,255,255,255,255,255,255,255,255,255,255,255,255,255,255,255,255,255,255,255,255,255,255,255,255,255,255,255,255,255,255,255,255,255,255,255,255,255,255,255,255,255,255,255,255,255,255,255,255,255,255,255,0
32,24,21,24,23,31,64,60,27,24,21,35,84,134,87,58,24,40,104,141,141,153,149,60,80,110,137,137,140,146,146,76,96,100,144,139,135,144,161,104,88,98,118,128,127,134,152,143,75,90,103,108,121,136,137,144,67,81,84,124,100,132,132,143,1
255,255,255,255,255,255,255,255,255,255,255,255,255,255,255,255,255,255,255,255,255,255,255,255,255,255,255,255,255,255,255,255,255,255,255,255,255,255,255,255,255,255,255,255,255,255,255,255,255,255,255,255,255,255,255,255,255,255,255,255,255,255,255,255,2
255,255,255,255,255,255,255,255,255,255,255,255,255,255,255,255,255,255,255,255,255,255,255,255,255,255,255,255,255,255,255,255,255,255,255,255,255,255,255,255,255,255,255,255,255,255,255,255,255,255,255,255,255,255,255,255,255,255,255,255,255,255,255,255,2
190,166,130,91,78,80,85,70,37,40,42,40,36,38,40,31,35,34,37,37,36,34,40,37,35,33,37,38,45,41,46,39,39,41,41,42,44,46,47,42,38,48,46,56,52,61,58,58,48,55,55,71,73,82,86,95,58,70,95,124,150,160,182,199,1
195,212,211,219,225,228,231,231,188,196,212,219,213,214,223,224,179,187,195,206,215,218,210,214,177,185,184,198,207,218,207,205,170,186,171,178,204,216,207,203,143,160,174,177,182,189,206,197,132,150,166,176,185,189,196,194,112,127,140,164,172,187,183,192,1
255,255,255,255,255,255,255,255,255,255,255,255,255,255,255,255,255,255,255,255,255,255,255,255,255,255,255,255,255,255,255,255,255,255,255,255,255,255,255,255,255,255,255,255,255,255,255,255,255,255,255,255,255,255,255,255,255,255,255,255,255,255,255,255,2
187,204,220,209,215,218,219,218,178,187,199,210,208,229,232,236,173,169,179,209,205,215,206,213,149,167,173,185,190,192,205,208,135,145,139,160,186,178,198,178,95,104,131,130,140,161,168,153,82,85,86,113,130,135,135,96,70,74,72,83,96,101,102,82,1
255,255,255,255,255,255,255,255,255,255,255,255,255,255,255,255,255,255,255,255,255,255,255,255,255,255,255,255,255,255,255,255,255,255,255,255,255,255,255,255,255,255,255,255,254,254,254,254,255,255,255,255,254,254,254,254,255,255,255,255,255,255,255,255,0
102,91,86,88,78,97,93,92,74,75,66,61,61,52,62,64,69,62,53,45,40,45,48,46,60,59,55,50,47,48,47,47,62,58,57,49,46,51,43,48,61,61,53,54,56,51,52,60,52,160,114,85,110,174,161,155,31,79,177,144,117,122,141,164,1
255,255,255,255,255,255,255,255,255,255,255,255,255,255,255,255,255,255,255,255,255,255,255,255,255,255,255,255,255,255,255,255,255,255,255,255,255,255,255,255,255,255,255,255,255,255,255,255,255,255,255,255,255,255,255,255,255,255,255,255,255,255,255,255,0
72,92,105,70,66,77,96,103,57,72,61,48,58,69,69,92,71,58,45,54,55,69,71,77,43,51,50,52,56,66,68,64,22,55,67,57,57,61,65,65,21,32,56,69,60,56,59,59,26,17,31,55,64,62,53,53,66,42,34,29,43,59,58,49,1
255,255,255,255,255,255,255,255,255,255,255,255,255,255,255,255,255,255,255,255,255,255,255,255,255,255,255,255,255,255,255,255,255,255,255,255,255,255,255,255,255,255,255,255,255,255,255,255,255,255,255,255,255,255,255,255,255,255,255,255,255,255,255,255,2
149,149,149,150,150,150,150,150,150,150,150,150,149,149,149,149,151,150,150,150,149,149,149,148,151,151,151,150,150,149,149,149,152,152,152,151,151,150,150,150,153,153,153,153,152,152,151,151,155,155,155,154,153,153,152,152,157,156,156,155,154,153,153,152,2
37,45,46,42,41,40,41,45,37,45,47,45,48,48,47,51,42,50,50,49,56,57,54,58,48,56,54,53,59,60,57,60,48,56,56,55,60,60,57,60,43,51,56,58,61,60,59,59,41,47,54,57,58,59,59,57,43,45,52,54,53,55,57,54,1
135,130,151,19,17,22,26,27,128,134,80,63,64,58,53,46,112,122,74,71,64,45,54,51,79,67,65,61,53,45,43,50,46,48,67,73,58,45,52,77,41,96,83,52,56,63,96,128,64,76,52,66,71,82,101,111,48,78,56,62,85,93,105,122,1
69,69,67,68,69,76,73,81,63,68,79,68,67,78,71,75,54,60,64,75,91,94,129,152,37,35,46,54,67,80,125,214,48,49,57,56,61,93,146,245,59,58,63,69,78,116,223,255,71,63,82,87,100,159,253,254,76,79,85,102,133,227,248,248,1
41,35,21,22,22,22,28,39,54,52,46,42,37,29,32,37,56,54,53,51,50,42,40,33,56,52,50,50,52,51,47,33,58,58,53,52,47,48,46,36,59,62,57,56,50,52,52,49,50,50,45,45,46,46,47,45,52,51,46,42,45,40,41,41,1
95,86,51,45,49,49,51,53,95,86,53,42,48,50,51,52,93,86,58,39,46,50,50,48,89,85,62,36,41,46,47,46,85,83,60,31,33,38,42,44,84,82,55,30,29,32,37,40,83,80,52,37,38,39,42,44,78,77,50,48,54,55,56,55,0
20,26,41,49,38,28,30,36,13,21,34,44,45,44,36,25,17,16,23,35,44,46,43,37,17,12,16,29,38,38,37,38,23,24,23,26,34,41,38,31,24,26,23,18,25,33,34,31,23,25,25,25,27,27,29,35,25,26,25,24,24,21,25,34,1
155,131,107,154,237,255,253,255,164,149,112,102,184,252,254,253,166,145,128,91,124,232,255,255,176,148,125,95,120,235,253,254,184,159,129,100,122,228,255,250,196,160,142,111,105,181,234,203,203,166,145,122,106,109,105,60,207,176,145,120,88,61,37,24,2
255,255,255,255,255,255,255,255,255,255,255,255,255,255,255,255,255,255,255,255,255,255,255,255,255,255,255,255,255,255,255,255,255,255,255,255,255,255,255,255,255,255,255,255,255,255,255,255,255,255,255,255,255,255,255,255,255,255,255,255,255,255,255,255,2
24,16,23,30,22,18,21,18,29,25,25,24,18,17,23,25,24,28,28,27,28,28,25,22,26,29,31,30,31,31,28,23,30,32,36,34,26,24,27,25,30,30,35,35,27,24,25,23,31,29,26,25,25,26,26,26,27,30,24,20,25,26,24,27,2
62,50,51,53,44,34,36,47,62,50,52,53,44,38,37,39,56,57,53,47,51,51,46,49,45,57,57,48,50,52,49,56,48,51,63,62,50,45,48,50,59,51,56,62,60,52,47,49,60,56,49,51,64,62,49,50,56,63,60,53,60,66,55,48,2
118,169,150,98,35,34,31,35,113,130,230,51,34,33,40,37,67,90,210,208,45,40,36,37,33,43,161,239,63,51,42,45,40,40,82,208,186,51,45,40,38,44,52,157,232,62,43,45,42,47,48,80,201,204,56,48,42,51,52,55,143,180,173,49,1
214,213,211,210,210,209,208,207,215,215,214,213,212,212,211,210,218,217,216,215,215,214,213,213,221,220,219,218,217,216,215,215,223,222,221,220,220,219,218,218,223,222,221,221,221,221,220,220,223,223,222,222,222,222,222,221,225,224,224,223,223,223,223,222,2
62,55,58,64,60,70,59,58,58,65,68,64,67,73,68,59,99,111,101,103,93,95,87,90,104,99,96,94,98,93,97,104,102,89,91,81,89,89,89,83,79,75,84,81,81,89,85,79,71,73,87,82,88,85,89,89,79,87,80,80,78,82,79,81,0
255,255,255,255,255,255,255,255,255,255,255,255,255,255,255,255,255,255,255,255,255,255,255,255,255,255,255,255,255,255,255,255,255,255,255,255,255,255,255,255,255,255,255,255,255,255,255,255,255,255,255,255,255,255,255,255,255,255,255,255,255,255,255,255,0
44,45,44,41,40,40,39,37,44,44,41,38,37,39,41,40,38,40,43,44,45,44,40,36,44,44,43,42,41,41,39,37,45,44,43,42,40,37,33,30,44,42,39,37,36,35,34,34,35,38,42,45,44,40,34,31,41,42,44,45,43,39,35,32,1
80,72,116,120,111,96,85,98,77,78,100,126,107,95,75,96,92,109,97,117,113,99,86,71,144,132,119,115,124,110,87,69,137,123,121,119,123,105,85,74,91,116,97,115,90,100,80,70,88,115,131,121,119,113,81,62,88,126,127,111,108,115,81,62,0
43,48,52,52,53,52,49,43,52,53,52,62,60,62,52,49,52,58,58,65,65,72,64,58,62,68,73,71,70,70,69,66,60,63,72,78,76,71,74,82,62,68,72,81,76,78,77,83,63,74,77,83,82,95,96,97,71,77,83,85,89,96,104,107,1
255,255,255,255,255,255,255,255,255,255,255,255,255,255,255,255,255,255,255,255,255,255,255,255,255,255,255,255,255,255,255,255,255,255,255,255,255,255,255,255,255,255,255,255,255,255,255,255,255,255,255,255,255,255,255,255,255,255,255,255,255,255,255,255,0
255,255,255,255,255,255,255,255,255,255,255,255,255,255,255,255,255,255,255,255,255,255,255,255,255,255,255,255,255,255,255,255,255,255,255,255,255,255,255,255,255,255,255,255,255,255,255,255,255,255,255,255,255,255,255,255,255,255,255,255,255,255,255,255,2
255,255,255,255,255,255,255,255,255,255,255,255,255,255,255,255,255,255,255,255,255,255,255,255,255,255,255,255,255,255,255,255,255,255,255,255,255,255,255,255,255,255,255,255,255,255,255,255,255,255,255,255,255,255,255,255,255,255,255,255,255,255,255,255,2
255,255,255,255,255,255,255,255,255,255,255,255,255,255,255,255,255,255,255,255,255,255,255,255,255,255,255,255,255,255,255,255,255,255,255,255,255,255,255,255,255,255,255,255,255,255,255,255,255,255,255,255,255,255,255,255,255,255,255,255,255,255,255,255,0
33,34,35,44,57,48,76,110,37,35,36,33,33,40,38,63,33,37,34,32,31,40,30,37,37,38,35,32,37,37,36,34,40,35,40,31,36,36,36,37,33,34,35,37,37,38,40,37,43,39,32,39,37,37,41,36,72,43,38,33,34,40,38,45,1
131,68,51,41,31,32,30,30,58,50,56,46,33,29,32,31,44,54,52,45,41,31,31,29,51,61,55,50,46,27,27,32,52,61,61,52,43,28,29,35,62,61,60,51,45,35,31,32,58,58,59,56,50,34,30,33,57,64,60,53,48,35,35,38,1
243,243,243,243,243,243,243,243,244,244,244,244,244,244,244,244,245,245,245,245,245,245,245,245,245,245,245,245,245,245,245,245,246,245,245,245,245,245,245,246,246,246,246,246,246,246,246,246,248,248,248,248,248,248,248,248,249,249,249,249,249,249,249,249,2
192,195,210,230,230,226,230,223,176,175,211,228,214,211,212,210,204,200,207,206,190,197,221,228,217,225,210,197,198,205,218,223,198,210,205,193,210,223,216,227,212,222,221,219,228,231,228,236,230,235,228,231,234,233,243,247,237,239,242,242,249,251,245,247,2
253,253,253,253,253,253,253,253,253,253,253,253,253,253,253,253,254,254,254,254,254,254,254,254,254,254,254,254,254,254,254,254,254,254,254,254,254,254,254,254,254,254,254,254,254,254,254,254,255,255,255,255,255,255,255,255,255,255,255,255,255,255,255,255,2
255,255,255,255,255,255,255,255,255,255,255,255,255,255,255,255,255,255,255,255,255,255,255,255,255,255,255,255,255,255,255,255,255,255,255,255,255,255,255,255,255,255,255,255,255,255,255,255,255,255,255,255,255,255,255,255,255,255,255,255,255,255,255,255,0
36,42,42,46,45,38,35,31,38,47,47,44,38,32,35,36,42,45,42,41,42,42,38,32,36,43,44,42,42,43,40,35,32,39,43,39,38,39,38,39,30,31,33,35,40,41,36,35,29,28,32,36,40,39,34,37,39,31,30,34,39,39,34,38,1
84,87,133,161,137,107,95,94,102,95,89,95,111,101,99,101,97,107,110,95,94,96,95,102,129,116,106,107,99,102,95,98,140,146,114,116,109,97,101,105,87,118,112,108,115,110,116,111,79,85,96,97,108,114,118,117,90,87,86,91,100,111,117,113,2
255,255,255,255,255,255,255,255,255,255,255,255,255,255,255,255,255,255,255,255,255,255,255,255,255,255,255,255,255,255,255,255,255,255,255,255,255,255,255,255,255,255,255,255,255,255,255,255,255,255,255,255,255,255,255,255,255,255,255,255,255,255,255,255,0
255,255,255,255,255,255,255,255,255,255,255,255,255,255,255,255,255,255,255,255,255,255,255,255,255,255,255,255,255,255,255,255,255,255,255,255,255,255,255,255,255,255,255,255,255,255,255,255,255,255,255,255,255,255,255,255,255,255,255,255,255,255,255,255,0
29,39,41,53,54,68,88,109,32,42,39,49,52,63,75,84,39,39,38,35,38,57,59,70,31,38,34,35,35,46,54,60,29,29,37,32,32,44,42,55,29,32,28,30,32,33,40,45,27,28,30,30,33,35,36,40,29,32,27,27,31,33,45,48,1
255,255,255,255,255,255,255,255,255,255,255,255,255,255,255,255,255,255,255,255,255,255,255,255,255,255,255,255,255,255,255,255,255,255,255,255,255,255,255,255,255,255,255,255,255,255,255,255,255,255,255,255,255,255,255,255,255,255,255,255,255,255,255,255,2
255,255,255,255,255,255,255,255,255,255,255,255,255,255,255,255,255,255,255,255,255,255,255,255,255,255,255,255,255,255,255,255,255,255,255,255,255,255,255,255,255,255,255,255,255,255,255,255,255,255,255,255,255,255,255,255,255,255,255,255,255,255,255,255,2
83,83,88,86,119,129,150,147,69,90,81,96,99,126,123,147,81,75,94,98,107,109,116,130,91,92,83,94,100,97,124,122,66,98,101,87,118,107,117,119,68,84,98,92,103,105,132,127,82,72,84,77,93,103,112,136,95,69,76,82,86,99,108,124,1
90,71,121,238,255,252,252,255,84,99,227,255,251,255,254,252,62,168,253,253,253,248,255,255,141,255,255,249,255,255,255,253,242,252,252,255,254,255,254,255,255,255,253,247,255,254,253,255,254,251,255,255,253,255,255,255,255,255,253,253,255,255,254,254,2
216,199,130,87,53,61,64,61,212,172,138,89,74,58,59,57,153,120,127,73,63,70,53,52,99,96,98,75,59,60,51,52,74,88,85,74,60,47,46,49,53,76,79,64,55,55,44,44,42,69,64,72,63,56,52,46,33,53,62,70,65,57,54,46,1
255,255,255,255,255,255,255,255,255,255,255,255,255,255,255,255,255,255,255,255,255,255,255,255,255,255,255,255,255,255,255,255,255,255,255,255,255,255,255,255,255,255,255,255,255,255,255,255,255,255,255,255,255,255,255,255,255,255,255,255,255,255,255,255,0
255,255,255,255,255,255,255,255,255,255,255,255,255,255,255,255,255,255,255,255,255,255,255,255,255,255,255,255,255,255,255,255,255,255,255,255,255,255,255,255,255,255,255,255,255,255,255,255,255,255,255,255,255,255,255,255,255,255,255,255,255,255,255,255,0
255,255,255,255,255,255,255,255,255,255,255,255,255,255,255,255,255,255,255,255,255,255,255,255,255,255,255,255,255,255,255,255,255,255,255,255,255,255,255,255,255,255,255,255,255,255,255,255,255,255,255,255,255,255,255,255,255,255,255,255,255,255,255,255,2
253,254,252,253,255,253,255,253,255,254,253,255,255,255,255,255,253,254,255,252,253,255,255,255,187,255,255,255,255,253,255,255,104,245,252,253,255,254,254,255,58,176,255,253,251,255,254,253,47,85,225,255,252,255,255,254,71,46,154,247,254,253,255,252,2
227,226,224,220,225,220,219,219,229,230,230,226,231,227,224,222,231,231,231,227,230,228,228,227,235,235,236,238,239,235,233,232,238,232,229,234,236,234,230,228,228,221,219,229,233,235,230,227,192,197,209,224,228,233,231,228,147,161,177,190,192,206,218,224,2
71,124,168,158,195,196,135,126,131,171,190,171,175,217,187,139,214,210,201,199,201,202,206,192,205,234,225,221,208,201,217,226,153,184,213,232,215,205,225,225,118,130,190,226,223,213,233,217,110,132,186,229,220,222,227,221,118,139,186,223,227,222,217,210,2
233,217,183,148,124,114,128,152,212,208,211,196,160,132,132,153,172,179,192,187,179,175,169,176,169,172,168,171,198,215,209,208,158,159,163,190,222,232,234,236,204,203,211,229,231,233,238,220,231,229,234,231,217,229,238,211,241,233,239,235,220,228,238,228,2
210,236,226,231,216,220,230,215,196,204,198,209,208,209,215,209,178,187,185,198,196,193,183,199,179,173,174,197,189,179,177,194,187,164,166,169,160,181,163,145,147,162,183,173,151,123,141,131,97,186,152,144,142,108,98,103,75,135,174,108,102,99,89,111,1
210,209,203,209,202,195,115,23,208,201,203,191,177,189,123,24,177,185,191,179,146,176,115,31,180,182,183,166,150,187,90,34,160,172,189,206,203,205,45,32,151,179,191,227,235,182,40,29,143,161,183,219,216,78,29,30,110,140,169,194,160,44,37,28,1
70,60,58,58,59,51,77,119,70,64,56,55,64,53,58,83,145,82,84,73,62,76,91,129,210,212,196,188,187,184,193,194,214,209,203,202,197,193,190,186,212,211,205,201,201,200,191,191,218,220,209,204,203,201,194,199,219,217,213,213,207,206,201,198,0
108,103,96,130,194,211,200,200,130,119,106,130,186,196,204,203,171,173,149,132,177,190,199,196,203,215,200,156,183,202,202,196,211,213,214,190,194,203,203,197,193,205,212,220,219,202,190,181,187,205,194,196,205,191,179,178,197,208,197,187,198,192,180,177,2
54,48,46,49,43,46,146,251,56,58,58,46,50,51,50,126,62,59,56,57,51,53,42,56,66,59,62,62,60,57,56,53,64,67,63,63,68,56,58,53,67,64,70,66,64,66,59,59,63,75,67,70,69,62,60,58,68,63,67,66,64,64,63,63,1
100,77,30,24,24,25,18,21,83,82,62,29,28,25,18,18,232,99,81,50,26,23,20,20,224,220,171,67,31,20,27,19,221,204,208,226,62,27,22,18,129,226,190,165,193,77,31,25,46,190,181,156,103,67,78,31,40,115,166,170,151,106,111,93,1
255,255,255,255,255,255,255,255,255,255,255,255,255,255,255,255,255,255,255,255,255,255,255,255,255,255,255,255,255,255,255,255,255,255,255,255,255,255,255,255,255,255,255,255,255,255,255,255,255,255,255,255,255,255,255,255,255,255,255,255,255,255,255,255,0
255,255,255,255,255,255,255,255,255,255,255,255,255,255,255,255,255,255,255,255,255,255,255,255,255,255,255,255,255,255,255,255,255,255,255,255,255,255,255,255,255,255,255,255,255,255,255,255,255,255,255,255,255,255,255,255,255,255,255,255,255,255,255,255,0
255,255,254,255,251,220,170,149,255,255,254,255,252,222,171,153,255,255,255,255,253,226,172,157,255,255,255,254,254,229,172,156,255,255,255,254,254,232,173,153,254,255,255,254,255,235,179,150,254,255,255,255,255,239,185,148,254,255,254,255,255,241,190,147,2
127,82,104,139,126,91,63,57,88,75,152,125,103,65,55,69,79,90,142,103,74,79,47,62,76,54,66,98,58,54,60,47,64,63,61,77,63,56,59,49,58,54,58,53,50,54,51,52,53,47,48,48,53,50,70,57,122,115,112,108,109,110,95,82,0
65,63,61,92,149,195,76,49,65,58,57,107,159,201,53,52,43,54,51,98,168,193,45,71,22,38,47,92,145,201,39,94,20,20,20,74,121,123,54,82,26,21,19,23,67,41,59,64,29,34,29,24,36,35,52,61,243,223,195,164,223,239,204,88,1
70,64,68,76,65,41,39,57,61,74,70,69,75,58,39,43,66,75,77,73,75,73,58,42,82,72,76,76,69,77,79,57,87,73,67,68,68,75,78,70,77,74,69,65,67,69,70,70,67,71,72,68,63,65,68,66,62,68,68,64,64,66,66,66,2
185,190,158,29,23,25,29,33,183,171,33,24,30,37,38,48,178,40,26,28,28,36,48,51,56,26,25,31,44,45,51,51,32,24,27,29,42,45,48,62,27,26,29,37,47,50,55,63,26,23,31,42,40,49,55,63,23,24,29,41,51,50,55,65,1
255,255,255,255,255,255,255,255,255,255,255,255,255,255,255,255,255,255,255,255,255,255,255,255,255,255,255,255,255,255,255,255,255,255,255,255,255,255,255,255,255,255,255,255,255,255,255,255,255,255,255,255,255,255,255,255,255,255,255,255,255,255,255,255,2
170,220,221,222,205,196,176,180,225,214,212,203,188,195,171,160,213,210,202,197,200,188,163,33,205,195,198,193,182,182,68,29,189,189,210,188,176,141,43,35,190,196,189,189,180,44,42,29,197,188,188,188,49,32,26,30,190,189,189,84,28,23,24,28,1
42,52,37,40,41,37,36,31,45,39,37,37,38,43,38,31,61,40,33,33,28,34,28,27,231,54,38,30,33,29,27,28,183,220,51,39,32,32,32,26,157,151,177,82,32,30,42,29,152,80,61,134,167,173,41,31,58,60,45,83,98,131,137,175,1
255,255,255,255,255,255,255,255,255,255,255,255,255,255,255,255,255,255,255,255,255,255,255,255,255,255,255,255,255,255,255,255,255,255,255,255,255,255,255,255,255,255,255,255,255,255,255,255,255,255,255,255,255,255,255,255,255,255,255,255,255,255,255,255,0
131,166,199,190,179,155,151,178,95,121,152,159,173,170,147,146,64,65,73,87,125,162,162,161,67,54,43,48,79,122,158,174,61,54,46,45,56,82,137,160,65,63,54,45,44,60,118,139,72,68,62,54,50,65,108,126,74,65,64,61,53,63,87,102,2
36,36,55,42,24,15,45,62,36,64,184,49,14,26,78,65,55,195,83,20,171,66,68,70,183,126,25,23,96,70,50,62,133,45,31,92,161,80,52,71,85,33,158,229,150,40,41,68,51,198,231,157,37,34,48,53,225,218,141,42,30,48,55,19,1
255,255,255,255,255,255,255,255,255,255,255,255,255,255,255,255,255,255,255,255,255,255,255,255,255,255,255,255,255,255,255,255,255,255,255,255,255,255,255,255,255,255,255,255,255,255,255,255,255,255,255,255,255,255,255,255,255,255,255,255,255,255,255,255,2
255,255,255,255,255,255,255,255,255,255,255,255,255,255,255,255,255,255,255,255,255,255,255,255,255,255,255,255,255,255,255,255,255,255,255,255,255,255,255,255,255,255,255,255,255,255,255,255,255,255,255,255,255,255,255,255,255,255,255,255,255,255,255,255,2
255,255,255,255,255,255,255,255,255,255,255,255,255,255,255,255,255,255,255,255,255,255,255,255,255,255,255,255,255,255,255,255,255,255,255,255,255,255,255,255,255,255,255,255,255,255,255,255,255,255,255,255,255,255,255,255,255,255,255,255,255,255,255,255,0
51,84,75,66,94,99,104,121,58,83,76,60,81,99,112,120,47,87,92,48,76,93,110,114,45,76,90,43,58,87,117,119,53,57,86,87,61,84,109,114,57,46,64,95,90,90,89,108,60,54,47,61,91,95,79,86,53,59,48,31,39,92,118,117,2
255,255,255,255,255,255,255,255,255,255,255,255,255,255,255,255,255,255,255,255,255,255,255,255,255,255,255,255,255,255,255,255,255,255,255,255,255,255,255,255,255,255,255,255,255,255,255,255,255,255,255,255,255,255,255,255,255,255,255,255,255,255,255,255,0
50,49,48,45,69,75,92,92,52,49,48,44,60,79,92,94,53,49,49,42,48,79,89,94,52,50,50,44,42,71,85,95,49,48,48,45,43,60,80,99,44,44,44,44,45,48,66,94,40,41,43,43,45,39,40,74,41,41,44,44,46,34,17,53,1
42,63,70,76,72,71,93,109,55,50,45,63,74,64,72,93,67,55,43,55,76,72,64,74,76,71,62,57,69,74,62,59,68,65,68,64,66,72,71,74,64,63,73,74,70,71,73,76,57,63,70,72,73,75,75,74,64,71,69,66,71,75,74,73,2
117,69,73,141,110,59,25,24,87,63,109,97,66,36,25,19,54,55,84,66,36,30,23,23,47,66,62,40,26,21,19,16,51,55,44,19,22,22,21,24,57,38,24,22,19,22,18,23,35,26,23,22,18,17,24,20,25,20,19,18,15,21,17,19,1
255,255,255,255,255,255,255,255,255,255,255,255,255,255,255,255,255,255,255,255,255,255,255,255,255,255,255,255,255,255,255,255,255,255,255,255,255,255,255,255,255,255,255,255,255,255,255,255,255,255,255,255,255,255,255,255,255,255,255,255,255,255,255,255,0
255,255,255,255,255,255,255,255,255,255,255,255,255,255,255,255,255,255,255,255,255,255,255,255,255,255,255,255,255,255,255,255,255,255,255,255,255,255,255,255,255,255,255,255,255,255,255,255,254,254,254,254,254,255,255,255,253,253,254,254,254,254,254,255,2
255,255,255,255,255,255,255,255,255,255,255,255,255,255,255,255,255,255,255,255,255,255,255,255,255,255,255,255,255,255,255,255,255,255,255,255,255,255,255,255,255,255,255,255,255,255,255,255,255,255,255,255,255,255,255,255,255,255,255,255,255,255,255,255,2
255,255,255,255,255,255,255,255,255,255,255,255,255,255,255,255,255,255,255,255,255,255,255,255,255,255,255,255,255,255,255,255,255,255,255,255,255,255,255,255,255,255,255,255,255,255,255,255,255,255,255,255,255,255,255,255,255,255,255,255,255,255,255,255,0
255,255,255,255,255,255,255,255,255,255,255,255,255,255,255,255,255,255,255,255,255,255,255,255,255,255,255,255,255,255,255,255,255,255,255,255,255,255,255,255,255,255,255,255,255,255,255,255,255,255,255,255,255,255,255,255,255,255,255,255,255,255,255,255,2
73,63,73,80,75,83,89,89,76,73,75,72,71,80,83,83,74,72,69,65,74,82,83,84,69,66,66,69,78,78,78,82,57,52,60,69,76,76,84,88,76,64,64,65,71,77,92,88,105,93,87,81,86,90,103,95,130,126,123,113,108,96,100,93,0
98,72,41,28,26,22,21,22,51,44,41,35,37,24,24,22,55,50,44,33,34,27,31,32,54,60,58,49,36,33,30,35,64,69,66,57,42,38,29,33,63,63,66,60,58,52,39,34,68,65,68,62,56,47,35,35,68,63,61,64,57,55,35,35,1
25,24,22,23,23,18,13,12,26,25,21,20,21,20,17,15,27,25,21,20,23,23,20,18,25,24,22,22,24,23,19,17,23,22,21,22,23,18,15,16,24,23,21,21,20,16,15,18,25,26,23,19,18,18,19,21,24,28,25,18,17,21,22,21,2
233,233,233,233,232,232,232,231,233,233,233,233,233,233,232,232,233,233,233,233,233,233,233,233,233,233,233,233,233,233,233,233,233,233,233,233,233,233,233,233,233,233,233,233,233,233,233,233,233,233,233,233,233,233,233,233,234,234,233,233,233,233,233,233,2
135,164,235,210,189,182,158,166,39,110,139,216,231,198,184,165,21,51,111,156,194,220,188,168,28,26,53,99,131,202,218,186,22,28,31,49,99,127,235,197,20,23,29,33,52,94,135,217,22,21,23,31,27,45,88,141,22,20,25,26,28,29,42,96,1
255,255,255,255,255,255,255,255,255,255,255,255,255,255,255,255,255,255,255,255,255,255,255,255,255,255,255,255,255,255,255,255,255,255,255,255,255,255,255,255,255,255,255,255,255,255,255,255,255,255,255,255,255,255,255,255,255,255,255,255,255,255,255,255,2
255,255,255,255,255,255,255,255,255,255,255,255,255,255,255,255,255,255,255,255,255,255,255,255,255,255,255,255,255,255,255,255,255,255,255,255,255,255,255,255,255,255,255,255,255,255,255,255,255,255,255,255,255,255,255,255,255,255,255,255,255,255,255,255,2
52,54,57,59,65,77,77,66,53,51,53,57,59,63,64,60,52,50,53,56,55,54,56,58,49,52,55,55,54,57,60,59,48,52,54,54,56,61,62,60,49,51,51,54,58,58,57,59,49,49,50,54,57,55,53,58,45,49,50,52,55,53,53,58,0
255,255,252,252,254,255,254,255,251,255,255,254,255,255,255,254,245,252,253,250,251,254,255,255,201,231,255,255,254,255,255,255,186,189,207,236,254,253,251,255,193,182,171,177,202,231,248,255,174,173,164,152,148,162,193,222,166,163,159,155,147,140,147,163,2
255,255,255,255,255,255,255,255,255,255,255,255,255,255,255,255,255,255,255,255,255,255,255,255,255,255,255,255,255,255,255,255,255,255,255,255,255,255,255,255,255,255,255,255,255,255,255,255,255,255,255,255,255,255,255,255,255,255,255,255,255,255,255,255,2
255,255,255,255,255,255,255,255,255,255,255,255,255,255,255,255,255,255,255,255,255,255,255,255,255,255,255,255,255,255,255,255,255,255,255,255,255,255,255,255,255,255,255,255,255,255,255,255,255,255,255,255,255,255,255,255,255,255,255,255,255,255,255,255,2
67,88,93,137,241,231,202,150,74,68,72,87,135,135,152,180,101,93,70,69,67,88,84,114,76,91,77,72,70,81,77,83,53,64,65,69,67,62,78,93,63,56,60,66,71,75,66,68,63,54,66,56,71,69,51,80,61,57,58,60,59,56,64,188,0
218,220,216,210,212,216,214,215,222,223,223,222,223,223,221,221,226,227,227,225,225,228,229,225,232,230,229,229,227,231,235,232,236,233,232,236,231,227,233,234,238,240,236,233,228,225,230,228,235,235,226,228,232,231,231,224,226,213,204,226,244,235,227,223,2
98,63,62,92,169,226,255,71,128,159,148,178,129,134,209,247,207,191,203,203,221,196,101,201,184,198,202,210,202,189,143,127,201,208,206,203,181,185,214,207,199,205,198,229,185,229,222,208,219,197,219,228,202,171,194,192,137,203,184,205,228,205,218,197,1
255,255,255,255,255,255,255,255,255,255,255,255,255,255,255,255,255,255,255,255,255,255,255,255,255,255,255,255,255,255,255,255,255,255,255,255,255,255,255,255,255,255,255,255,255,255,255,255,255,255,255,255,255,255,255,255,255,255,255,255,255,255,255,255,2
255,255,255,255,255,255,255,255,255,255,255,255,255,255,255,255,255,255,255,255,255,255,255,255,255,255,255,255,255,255,255,255,255,255,255,255,255,255,255,255,255,255,255,255,255,255,255,255,255,255,255,255,255,255,255,255,255,255,255,255,255,255,255,255,2
217,215,207,208,222,218,117,102,215,211,213,205,225,220,170,111,223,209,217,218,230,223,212,138,220,219,209,214,223,222,216,198,208,212,213,225,213,214,213,211,218,215,216,223,220,208,208,205,220,209,217,225,228,215,206,197,209,218,215,209,220,219,191,207,1
186,183,174,163,161,154,147,64,177,169,169,159,157,142,83,21,179,172,166,160,166,127,23,18,193,182,170,155,131,24,25,19,181,158,172,139,26,26,23,17,172,162,130,30,17,22,19,19,156,137,44,29,23,18,20,26,149,59,34,25,23,25,19,18,1
255,255,255,255,255,255,255,255,255,255,255,255,255,255,255,255,255,255,255,255,255,255,255,255,255,255,255,255,255,255,255,255,255,255,255,255,255,255,255,255,255,255,255,255,255,255,255,255,255,255,255,255,255,255,255,255,255,255,255,255,255,255,255,255,2
72,107,179,192,185,190,187,187,77,126,194,200,196,197,193,196,80,155,212,207,207,205,202,205,93,187,222,212,211,211,210,211,132,214,222,216,216,215,216,215,184,227,217,219,220,218,217,218,219,225,219,219,220,219,217,218,230,218,225,218,217,220,216,217,0
255,255,255,255,255,255,255,255,255,255,255,255,255,255,255,255,255,255,255,255,255,255,255,255,255,255,255,255,255,255,255,255,255,255,255,255,255,255,255,255,255,255,255,255,255,255,255,255,255,255,255,255,255,255,255,255,255,255,255,255,255,255,255,255,2
37,39,45,44,51,50,43,52,61,82,41,42,47,47,47,52,29,50,52,67,31,37,51,44,29,28,26,30,27,39,35,43,26,27,25,27,27,30,35,47,23,30,28,30,27,32,37,47,33,30,30,29,27,34,31,32,29,30,32,33,34,31,36,35,1
132,141,136,173,181,153,181,209,139,137,141,167,169,155,173,199,177,151,140,147,150,155,172,194,164,150,145,151,152,154,171,190,149,136,133,142,155,160,164,178,154,142,148,155,166,168,159,169,160,146,145,149,156,162,158,160,150,149,147,148,137,137,157,161,2
104,173,198,183,174,173,192,173,152,195,185,164,177,176,182,187,185,203,194,187,175,189,185,187,190,189,194,185,184,193,192,191,196,188,199,195,184,188,191,203,208,210,199,204,197,205,182,194,205,202,205,204,196,199,195,190,201,200,202,209,206,202,199,200,1
255,255,255,255,255,255,255,255,255,255,255,255,255,255,255,255,255,255,255,255,255,255,255,255,255,255,255,255,255,255,255,255,255,255,255,255,255,255,255,255,255,255,255,255,255,255,255,255,255,255,255,255,255,255,255,255,255,255,255,255,255,255,255,255,0
255,255,255,255,255,255,255,255,255,255,255,255,255,255,255,255,255,255,255,255,255,255,255,255,255,255,255,255,255,255,255,255,255,255,255,255,255,255,255,255,255,255,255,255,255,255,255,255,255,255,255,255,255,255,255,255,255,255,255,255,255,255,255,255,2
205,202,210,213,216,217,212,106,196,211,231,223,219,221,224,214,208,210,225,219,236,231,237,224,199,216,232,227,227,245,237,236,169,199,223,233,233,252,253,240,136,199,204,217,241,249,247,243,104,151,194,197,226,233,227,217,91,122,159,188,193,217,214,207,1
255,255,252,255,253,255,255,252,254,255,254,255,254,255,254,252,255,255,254,255,254,255,253,255,255,255,254,254,255,255,252,255,255,254,255,255,255,255,254,254,254,254,255,254,253,255,255,244,255,254,254,253,252,255,249,204,255,254,254,255,255,255,230,155,2
35,44,34,34,37,35,28,30,42,33,58,35,30,29,38,32,136,51,41,54,39,28,32,40,114,134,55,55,58,37,28,35,105,112,97,54,55,57,36,38,89,100,132,78,57,60,59,44,90,95,98,140,77,62,67,65,86,89,95,100,174,70,64,69,1
68,45,159,195,189,190,174,62,33,22,122,174,213,222,219,211,20,24,28,102,166,204,194,201,17,13,22,22,73,122,147,169,16,18,18,16,16,19,26,26,20,17,13,15,21,17,19,26,16,15,20,15,18,18,19,31,44,28,29,36,33,31,32,31,1
254,255,253,253,255,251,253,255,255,255,252,252,249,255,255,252,255,251,255,255,255,253,252,254,254,255,251,252,251,252,255,253,254,255,253,255,255,242,237,255,255,249,246,255,220,159,212,255,253,246,228,222,139,62,187,249,255,237,226,235,213,147,128,203,0
32,28,23,28,25,26,27,23,29,27,33,26,26,25,28,28,30,34,29,29,25,30,30,28,34,31,29,33,31,30,29,35,38,30,31,29,24,31,23,32,66,37,22,23,31,27,34,35,43,60,113,126,101,45,37,38,47,40,51,72,85,168,136,124,1
254,253,253,255,248,228,193,151,255,255,255,255,254,248,228,196,254,255,254,254,254,255,251,235,255,254,254,255,255,254,255,252,255,254,255,255,255,254,254,255,254,254,255,253,253,255,253,253,255,255,255,253,254,255,254,254,255,253,254,254,255,255,252,255,2
56,49,43,124,241,112,47,54,61,58,77,209,232,63,50,54,84,63,66,126,159,56,63,49,81,75,63,64,56,50,51,55,69,77,70,68,66,67,69,60,141,161,140,98,68,67,72,93,234,236,227,174,111,76,65,80,246,255,253,230,172,86,72,64,0
41,29,32,67,156,244,250,253,40,35,30,49,81,227,250,249,41,33,27,41,63,151,250,251,32,36,30,20,60,85,241,249,42,30,25,27,45,62,163,254,37,30,24,23,25,59,79,236,37,33,25,18,25,54,59,182,35,25,20,21,18,48,57,88,1
255,255,255,255,255,255,255,255,255,255,255,255,255,255,255,255,255,255,255,255,255,255,255,255,255,255,255,255,255,255,255,255,255,255,255,255,255,255,255,255,255,255,255,255,255,255,255,255,255,255,255,255,255,255,255,255,255,255,255,255,255,255,255,255,2
80,82,79,73,75,82,79,66,82,83,86,85,81,83,89,92,86,85,87,88,83,78,82,88,90,88,88,87,86,86,86,85,85,83,81,79,79,83,87,86,90,85,82,82,80,80,82,84,95,89,86,86,84,81,81,81,102,98,94,89,82,81,83,85,2
29,23,19,16,19,16,18,17,16,13,14,13,19,19,22,22,12,14,18,19,24,25,27,25,19,23,28,29,30,30,30,28,23,29,33,35,35,35,34,33,30,35,38,42,40,42,40,39,40,42,43,48,45,45,42,42,44,45,45,49,46,45,40,40,1
118,119,192,232,224,216,209,200,123,123,158,210,234,236,230,217,117,104,106,157,201,231,239,235,101,106,121,140,158,216,229,218,89,117,140,122,118,196,225,214,113,103,91,89,120,194,225,224,75,58,54,77,116,156,189,211,51,47,58,60,75,99,127,145,2
35,41,48,53,124,64,51,57,30,40,45,48,104,68,61,43,20,41,42,43,77,91,46,37,24,43,46,43,69,109,49,62,30,24,45,50,51,139,57,125,34,24,44,48,52,121,62,157,24,20,38,49,52,112,77,187,21,19,34,48,50,91,102,193,1
57,64,58,29,35,99,161,162,66,67,65,45,40,93,125,116,67,63,63,55,42,65,75,57,76,70,61,59,53,50,70,60,70,70,61,61,61,53,67,64,63,68,67,69,69,70,59,53,70,66,65,66,67,78,68,57,81,67,63,65,69,72,77,62,2
217,207,208,209,212,219,223,227,213,209,211,210,212,225,233,237,223,215,218,223,221,221,229,240,227,226,232,236,235,239,245,249,232,233,237,240,239,239,240,236,247,245,245,246,238,226,216,205,240,245,239,226,214,208,197,175,242,239,222,202,185,178,173,156,2
90,86,72,82,81,66,76,81,98,85,75,79,62,88,62,60,104,83,85,81,80,70,61,69,202,90,77,68,60,79,65,117,135,213,86,64,59,55,124,178,109,159,218,78,73,128,172,189,89,157,223,98,104,178,194,191,91,170,192,130,166,182,186,193,1
62,62,66,68,69,73,87,72,78,84,68,67,62,71,67,67,88,76,63,72,68,83,76,88,65,69,72,71,77,82,77,94,70,68,73,71,67,76,108,113,72,66,67,72,69,133,206,193,73,78,66,65,124,244,253,208,70,69,74,65,136,247,186,140,0
34,30,24,17,16,15,24,34,38,34,29,20,17,15,24,28,41,37,32,23,17,16,27,27,45,40,35,27,18,15,29,31,51,44,38,33,22,14,29,34,56,48,41,39,28,14,27,35,65,57,45,43,34,16,26,33,77,68,51,45,36,17,25,31,1
249,249,249,249,249,249,249,249,249,249,249,249,249,249,249,249,250,250,250,250,250,250,250,250,250,250,250,250,250,250,250,250,251,251,251,251,251,251,251,251,252,252,252,252,252,252,252,252,252,252,252,252,252,252,252,252,253,253,253,253,253,253,253,253,2
46,53,57,59,44,46,41,41,50,54,68,72,50,42,29,41,59,63,67,97,75,29,38,38,62,66,88,171,154,22,41,38,61,92,153,232,222,42,31,38,87,152,211,241,244,85,30,41,139,196,228,239,253,141,35,44,173,209,228,231,246,186,41,42,2
255,255,255,255,255,255,255,255,255,255,255,255,255,255,255,255,255,255,255,255,255,255,255,255,255,255,255,255,255,255,255,255,255,255,255,255,255,255,255,255,255,255,255,255,255,255,255,255,255,255,255,255,255,255,255,255,255,255,255,255,255,255,255,255,2
255,255,254,255,255,254,244,235,255,255,254,254,255,255,252,247,255,255,255,254,254,255,255,254,255,255,255,255,254,254,254,254,254,255,255,255,255,255,255,255,255,254,254,255,255,255,255,255,255,255,255,255,254,254,254,255,254,255,255,255,255,255,254,255,1
54,56,57,66,63,65,68,64,58,76,67,61,61,61,62,66,55,84,70,55,60,61,57,63,50,49,52,57,54,58,60,60,54,56,60,54,56,72,63,57,57,59,59,59,68,69,51,64,57,55,57,56,52,59,58,55,98,106,81,60,56,56,53,53,0
106,87,74,73,69,80,99,72,110,87,79,74,72,95,114,85,96,74,67,73,78,72,78,89,68,71,76,72,71,75,85,85,72,78,76,71,71,69,77,75,67,76,69,67,77,72,74,77,69,61,66,71,72,70,75,75,71,64,66,62,69,72,70,73,0
57,54,64,176,210,145,96,100,35,62,171,188,133,89,81,75,76,163,168,147,97,116,100,115,169,168,166,105,98,91,117,108,169,159,103,109,102,117,110,100,162,105,96,115,117,107,99,92,119,89,114,118,112,104,93,86,96,120,121,110,98,92,87,88,1
68,67,68,66,61,67,91,166,68,67,62,58,55,61,71,117,63,64,60,58,56,60,62,86,58,59,56,58,52,51,54,70,57,54,52,54,50,49,53,63,46,47,47,46,44,46,51,56,45,47,51,46,42,43,47,54,40,39,44,40,39,39,40,50,1
97,90,82,80,59,32,37,34,96,94,81,77,55,35,35,40,108,96,84,72,52,35,37,38,109,85,89,71,38,37,38,43,100,88,73,63,34,36,45,34,96,78,76,38,35,46,35,32,80,70,63,31,35,35,35,38,78,68,29,36,29,29,33,28,1
218,217,216,207,178,138,110,100,219,225,227,228,235,234,207,175,225,226,227,228,231,237,240,241,233,233,233,233,235,238,240,241,236,241,243,241,240,243,247,247,247,245,246,250,252,251,250,250,252,253,252,251,250,252,255,255,254,253,254,255,255,255,254,255,0
250,250,250,250,250,250,250,250,251,251,251,251,251,251,251,251,253,253,253,253,253,253,253,253,253,253,253,253,253,253,253,253,253,253,253,253,253,253,253,253,254,254,254,254,254,254,254,254,255,255,255,255,255,255,255,255,255,255,255,255,255,255,255,255,2
162,162,160,150,142,148,167,187,160,158,151,144,142,150,173,195,155,154,143,142,148,158,182,203,149,150,139,143,155,163,184,202,141,144,134,139,153,163,184,201,132,136,133,140,154,169,193,212,122,132,142,152,165,181,203,220,116,132,154,167,177,190,204,216,2
255,255,255,255,255,255,255,255,255,255,255,255,255,255,255,255,255,255,255,255,255,255,255,255,255,255,255,255,255,255,255,255,255,255,255,255,255,255,255,255,255,255,255,255,255,255,255,255,255,255,255,255,255,255,255,255,255,255,255,255,255,255,255,255,2
255,255,255,255,255,255,255,255,255,255,255,255,255,255,255,255,255,255,255,255,255,255,255,255,255,255,255,255,255,255,255,255,255,255,255,255,255,255,255,255,255,255,255,255,255,255,255,255,255,255,255,255,255,255,255,255,255,255,255,255,255,255,255,255,2
198,201,178,166,150,138,202,197,211,208,191,171,142,151,205,203,213,213,212,180,147,167,203,206,224,222,221,187,171,192,206,204,224,227,228,201,170,184,208,213,236,234,230,226,170,181,218,219,236,237,236,245,173,175,224,227,244,242,236,249,189,182,232,231,0
137,149,141,138,144,185,198,180,128,139,136,125,127,141,168,183,132,136,126,115,126,120,128,144,119,121,109,109,121,118,119,139,100,99,97,105,113,111,122,149,95,92,97,98,105,104,118,136,90,89,91,85,85,91,108,128,91,85,78,79,70,76,85,113,2
22,20,24,37,57,70,75,83,22,19,19,27,48,66,72,77,21,21,22,24,36,53,66,78,21,21,24,24,27,35,51,69,25,21,23,25,26,31,39,49,28,24,25,26,29,36,38,38,37,29,27,25,28,37,40,39,57,40,30,28,30,37,42,45,1
255,255,255,255,255,255,255,255,255,255,255,255,255,255,255,255,255,255,255,255,255,255,255,255,255,255,255,255,255,255,255,255,255,255,255,255,255,255,255,255,255,255,255,255,255,255,255,255,255,255,255,255,255,255,255,255,255,255,255,255,255,255,255,255,0
255,255,255,255,255,255,255,255,255,255,255,255,255,255,255,255,255,255,255,255,255,255,255,255,255,255,255,255,255,255,255,255,255,255,255,255,255,255,255,255,255,255,255,255,255,255,255,255,255,255,255,255,255,255,255,255,255,255,255,255,255,255,255,255,0
55,63,168,129,119,114,134,209,46,124,154,128,117,116,157,206,56,175,134,125,112,107,184,196,131,176,126,119,108,103,196,198,195,142,122,110,105,114,201,214,176,123,117,107,103,128,206,209,135,123,113,106,104,143,206,196,121,110,102,93,101,161,202,206,1
157,183,91,69,64,77,72,80,169,203,71,56,89,102,72,93,133,76,50,57,89,89,73,101,58,55,53,52,70,51,61,99,54,52,45,90,91,45,60,78,55,52,61,107,69,60,69,109,51,43,110,75,41,70,76,104,39,90,103,52,83,89,95,92,0
146,164,177,193,199,217,220,223,139,175,180,191,196,213,217,224,138,153,164,181,212,203,225,234,116,145,172,173,192,197,235,240,112,129,148,174,181,199,215,237,96,118,148,164,181,190,201,232,91,110,146,152,181,187,197,216,83,98,116,145,162,198,191,194,1
36,36,37,33,31,25,25,17,45,44,43,38,45,38,36,27,56,49,54,51,52,43,47,35,55,56,55,52,58,49,48,46,68,61,61,65,62,61,62,53,70,73,67,71,71,71,67,67,62,64,68,72,68,70,74,71,66,70,72,71,73,71,72,67,1
33,32,34,31,62,51,45,39,35,35,35,35,52,71,67,59,31,37,36,38,48,70,68,83,36,39,38,42,52,51,41,50,41,41,39,41,46,48,53,48,32,44,42,49,49,49,50,44,40,48,40,49,56,57,51,53,39,42,49,54,54,55,57,58,1
53,44,39,27,26,26,33,41,50,49,42,35,36,29,26,34,60,52,45,36,32,31,22,23,67,58,40,43,37,29,26,22,59,50,49,40,28,27,17,25,82,45,40,35,29,33,25,30,130,99,43,33,36,30,47,45,51,120,101,44,50,56,51,54,1
192,185,181,180,178,176,177,178,193,188,186,186,185,183,183,182,199,194,192,192,190,188,187,186,207,201,198,197,195,193,193,192,212,207,204,203,202,202,202,201,216,212,210,210,208,207,207,205,223,219,217,216,214,212,211,208,229,226,223,221,219,218,217,214,0
112,119,124,127,126,114,96,91,106,127,120,137,148,109,88,85,113,143,120,112,118,127,130,97,109,101,104,128,122,120,132,130,88,103,127,132,133,135,146,149,94,103,123,129,148,137,146,151,97,94,103,117,135,138,146,155,66,80,94,118,122,139,135,159,1
94,96,107,125,166,214,219,224,96,98,110,140,187,222,222,222,97,105,127,167,211,227,227,225,115,116,149,198,230,230,230,234,135,134,178,223,242,236,235,241,135,167,220,243,242,243,244,245,163,213,248,250,243,247,249,248,218,248,247,246,249,250,248,251,0
255,255,255,255,255,255,255,255,255,255,255,255,255,255,255,255,255,255,255,255,255,255,255,255,255,255,255,255,255,255,255,255,255,255,255,255,255,255,255,255,255,255,255,255,255,255,255,255,255,255,255,255,255,255,255,255,255,255,255,255,255,255,255,255,0
68,66,65,62,56,53,52,51,70,73,73,66,59,59,62,61,77,70,66,67,67,68,71,74,74,66,63,69,72,72,69,67,79,78,75,68,65,67,68,64,81,81,78,69,62,64,68,69,76,73,75,77,74,70,70,71,87,85,84,83,80,81,83,82,2
255,255,255,255,255,255,255,255,255,255,255,255,255,255,255,255,255,255,255,255,255,255,255,255,255,255,255,255,255,255,255,255,255,255,255,255,255,255,255,255,255,255,255,255,255,255,255,255,255,255,255,255,255,255,255,255,255,255,255,255,255,255,255,255,2
54,77,79,107,128,155,166,169,49,62,72,106,138,136,148,180,45,43,51,84,102,142,155,150,41,37,46,59,75,101,120,128,36,41,44,49,69,83,94,119,37,39,36,43,58,88,93,97,40,36,38,40,54,51,64,84,34,36,35,39,45,52,59,69,1
56,58,57,52,56,51,50,35,56,58,52,51,54,47,42,35,57,55,54,58,52,49,45,34,46,55,55,52,56,51,39,32,46,45,55,52,51,46,41,26,44,45,49,45,52,42,33,31,38,32,39,39,41,38,34,29,26,28,33,33,37,42,35,32,1
80,77,86,123,189,126,109,117,78,83,101,145,188,117,117,97,88,97,110,167,162,115,122,121,96,106,134,135,90,114,121,158,91,116,121,68,68,74,76,102,107,106,70,56,56,62,68,68,96,90,70,51,58,61,59,61,76,94,52,55,52,61,54,60,0
255,255,255,255,255,255,255,255,255,255,255,255,255,255,255,255,255,255,255,255,255,255,255,255,255,255,255,255,255,255,255,255,255,255,255,255,255,255,255,255,255,255,255,255,255,255,255,255,255,255,255,255,255,255,255,255,255,255,255,255,255,255,255,255,2
255,255,255,255,255,255,255,255,255,255,255,255,255,255,255,255,255,255,255,255,255,255,255,255,255,255,255,255,255,255,255,255,255,255,255,255,255,255,255,255,255,255,255,255,255,255,255,255,255,255,255,255,255,255,255,255,255,255,255,255,255,255,255,255,2
56,56,61,65,81,238,254,255,60,67,74,76,100,157,247,255,46,46,57,87,113,135,131,249,46,42,45,42,57,89,191,156,50,46,51,50,61,87,155,200,49,52,54,48,57,70,113,170,51,49,55,54,58,63,74,137,48,48,50,57,51,57,70,97,1
68,60,66,62,61,70,87,95,70,68,65,75,64,68,83,89,84,75,68,71,67,64,79,86,101,81,75,65,69,75,77,76,100,88,83,76,66,74,71,76,134,103,94,96,76,66,74,78,168,150,113,97,121,99,72,78,155,158,141,116,128,138,95,71,2
255,255,255,255,255,255,255,255,255,255,255,255,255,255,255,255,255,255,255,255,255,255,255,255,255,255,255,255,255,255,255,255,255,255,255,255,255,255,255,255,255,255,255,255,255,255,255,255,255,255,255,255,255,255,255,255,255,255,255,255,255,255,255,255,0
141,173,245,52,51,54,54,63,133,142,208,209,54,55,55,59,159,122,178,240,65,54,49,58,139,150,150,190,175,53,50,54,119,239,147,161,218,92,51,52,134,137,171,170,219,253,48,52,138,146,193,156,181,246,125,47,117,147,129,193,192,185,213,48,1
255,255,255,255,255,255,255,255,255,255,255,255,255,255,255,255,255,255,255,255,255,255,255,255,255,255,255,255,255,255,255,255,255,255,255,255,255,255,255,255,255,255,255,255,255,255,255,255,255,255,255,255,255,255,255,255,255,255,255,255,255,255,255,255,0
255,255,255,255,255,255,255,255,255,255,255,255,255,255,255,255,255,255,255,255,255,255,255,255,255,255,255,255,255,255,255,255,255,255,255,255,255,255,255,255,255,255,255,255,255,255,255,255,255,255,255,255,255,255,255,255,255,255,255,255,255,255,255,255,2
105,100,99,96,103,109,122,141,114,111,109,105,111,124,148,158,140,143,155,143,132,143,167,176,183,169,170,153,152,172,182,186,214,197,182,166,172,185,194,197,239,238,218,209,216,217,226,225,249,245,226,217,233,242,241,229,245,248,250,222,216,226,219,217,2
42,39,39,59,48,39,31,24,43,39,34,35,37,28,17,18,51,41,37,35,34,66,19,15,44,44,44,41,36,35,64,23,55,58,45,45,43,33,35,18,61,54,54,48,41,41,36,32,60,57,63,52,51,46,35,28,78,67,68,56,56,42,40,32,1
255,255,255,255,255,255,255,255,255,255,255,255,255,255,255,255,255,255,255,255,255,255,255,255,255,255,255,255,255,255,255,255,255,255,255,255,255,255,255,255,255,255,255,255,255,255,255,255,255,255,255,255,255,255,255,255,255,255,255,255,255,255,255,255,2
17,19,17,22,20,21,20,20,20,23,24,25,23,21,26,27,26,27,28,26,29,27,32,30,34,35,35,34,37,37,39,36,38,42,40,42,39,41,43,44,43,45,41,46,43,45,46,48,50,49,48,54,56,55,54,53,48,50,56,61,65,57,57,57,1
70,77,70,61,64,50,40,34,74,74,75,69,62,45,39,40,80,73,75,75,68,57,42,29,87,86,80,80,65,54,43,37,153,131,87,82,73,61,43,38,168,153,105,84,74,65,48,44,169,166,137,91,77,69,51,43,179,170,152,93,78,68,52,45,1
158,165,173,178,183,181,184,174,163,153,155,166,170,169,174,173,196,191,186,188,182,168,159,159,179,190,195,197,174,158,159,156,183,194,164,154,155,153,158,161,213,233,193,158,152,148,155,164,222,217,199,172,150,150,170,178,183,178,182,183,177,153,157,190,2
255,255,255,255,255,255,255,255,255,255,255,255,255,255,255,255,255,255,255,255,255,255,255,255,255,255,255,255,255,255,255,255,255,255,255,255,255,255,255,255,255,255,255,255,255,255,255,255,255,255,255,255,255,255,255,255,255,255,255,255,255,255,255,255,0
166,165,163,162,160,159,158,157,170,169,167,165,164,162,161,160,173,172,171,169,168,166,164,163,176,175,174,173,171,169,167,166,178,177,177,176,174,173,171,169,181,180,179,178,177,175,174,173,184,183,182,181,179,178,177,176,188,187,185,184,182,181,179,179,2
255,255,255,255,255,255,255,255,255,255,255,255,255,255,255,255,255,255,255,255,255,255,255,255,255,255,255,255,255,255,255,255,255,255,255,255,255,255,255,255,255,255,255,255,255,255,255,255,255,255,255,255,255,255,255,255,255,255,255,255,255,255,255,255,2
41,63,55,50,49,48,53,53,46,54,50,51,47,56,57,51,50,52,49,45,41,48,51,51,48,56,51,41,44,39,45,54,45,54,43,43,45,40,45,51,58,60,43,52,41,44,51,53,60,58,43,45,36,40,47,53,56,55,49,42,51,48,51,60,2
52,55,59,46,20,23,41,42,52,60,47,32,51,105,147,162,52,53,56,91,109,148,169,209,46,39,31,36,48,58,94,171,32,28,30,43,42,57,65,95,25,28,37,35,49,46,50,65,27,27,29,30,30,33,34,34,27,32,31,30,35,28,29,33,1
69,73,67,64,64,62,67,67,65,69,65,59,62,62,64,63,66,67,68,61,61,61,62,64,71,64,70,71,60,59,58,61,85,66,71,83,64,60,55,56,98,72,68,81,66,60,57,57,91,74,66,70,66,57,57,57,76,75,72,69,74,59,59,57,0
211,69,44,52,54,54,54,56,126,32,53,54,50,56,56,62,40,55,60,56,58,52,62,66,50,59,61,69,56,64,70,62,65,63,63,59,55,73,63,66,57,64,69,56,51,61,67,65,62,54,68,53,55,59,58,73,55,60,67,47,54,60,54,84,0
154,154,155,155,156,156,156,156,163,163,163,163,164,164,165,165,173,173,172,172,172,173,174,174,181,180,180,180,181,181,181,181,190,189,189,190,190,191,190,190,197,197,197,197,198,199,198,197,204,203,203,203,204,205,204,204,209,208,207,207,208,209,209,209,2
25,25,19,40,46,51,50,55,24,20,21,36,51,47,59,57,36,26,23,25,51,49,59,54,42,43,38,28,42,46,49,58,32,41,45,49,51,46,47,50,26,24,28,48,49,36,52,45,24,19,16,24,23,15,42,53,18,20,16,13,17,17,17,40,1
252,252,252,252,252,252,252,252,252,252,252,252,252,252,252,252,253,253,253,253,253,253,253,253,253,253,253,253,253,253,253,253,254,254,254,254,254,254,254,254,254,254,254,254,254,254,254,254,255,255,255,255,255,255,255,255,255,255,255,255,255,255,255,255,2
213,215,222,221,218,218,219,221,169,193,212,214,206,193,188,191,165,173,174,178,178,175,176,174,187,181,160,155,163,166,170,167,216,206,164,138,144,156,164,163,184,175,155,139,142,166,177,158,164,159,154,144,141,159,168,152,175,173,153,139,151,155,146,151,2
145,244,236,221,119,70,68,67,149,152,215,166,138,88,66,63,80,99,154,102,114,84,65,69,89,78,99,92,88,89,71,62,74,88,103,77,70,74,68,64,70,74,81,69,74,70,69,55,71,66,78,71,63,63,57,52,71,71,76,65,66,58,64,57,0
255,255,255,255,255,255,255,255,255,255,255,255,255,255,255,255,255,255,255,255,255,255,255,255,255,255,255,255,255,255,255,255,255,255,255,255,255,255,255,255,255,255,255,255,255,255,255,255,255,255,255,255,255,255,255,255,255,255,255,255,255,255,255,255,2
240,220,199,49,20,22,43,44,235,233,227,190,36,28,40,39,230,218,167,224,180,30,41,43,233,214,183,212,215,69,36,31,253,240,222,191,215,171,29,25,245,236,214,208,192,190,39,23,200,216,200,184,190,189,84,24,160,187,193,171,180,185,128,27,1
255,255,255,255,255,255,255,255,255,255,255,255,255,255,255,255,255,255,255,255,255,255,255,255,255,255,255,255,255,255,255,255,255,255,255,255,255,255,255,255,255,255,255,255,255,255,255,255,255,255,255,255,255,255,255,255,255,255,255,255,255,255,255,255,2
255,255,253,250,248,243,239,239,255,255,253,250,248,243,239,239,255,255,253,250,248,243,239,240,255,255,253,250,248,243,240,240,255,255,253,250,248,243,240,241,255,255,253,250,248,243,240,241,255,255,253,250,248,243,241,241,255,255,253,250,248,244,241,242,2
35,29,28,29,28,30,31,28,31,29,30,31,31,31,30,28,31,32,32,33,34,32,31,32,33,35,33,33,35,33,32,36,35,36,34,34,36,36,35,38,38,38,37,38,40,40,38,38,39,38,39,40,39,38,37,36,38,35,36,37,33,32,32,30,1
35,34,35,35,37,34,36,37,38,43,44,42,46,48,41,42,50,45,49,54,53,63,61,57,53,61,67,73,76,78,79,76,73,87,106,127,150,161,176,164,143,150,161,175,199,202,225,233,139,159,173,178,200,196,212,247,140,141,174,181,174,174,167,152,1
255,255,255,255,255,255,255,255,255,255,255,255,255,255,255,255,255,255,255,255,255,255,255,255,255,255,255,255,255,255,255,255,255,255,255,255,255,255,255,255,255,255,255,255,255,255,255,255,255,255,255,255,255,255,255,255,255,255,255,255,255,255,255,255,2
92,93,100,99,105,110,117,121,93,96,110,118,117,111,115,125,97,116,132,142,140,125,124,155,113,131,148,154,142,135,146,178,119,144,145,135,138,154,183,233,127,132,134,138,160,200,233,255,118,127,145,176,223,252,255,254,143,166,211,239,253,252,253,255,0
255,255,255,255,255,255,255,255,255,255,255,255,255,255,255,255,255,255,255,255,255,255,255,255,255,255,255,255,255,255,255,255,255,255,255,255,255,255,255,255,255,255,255,255,255,255,255,255,255,255,255,255,255,255,255,255,255,255,255,255,255,255,255,255,2
235,234,230,219,222,219,218,189,232,230,226,235,228,212,212,207,231,229,234,226,208,201,218,202,225,216,216,204,190,194,205,186,224,216,199,194,188,199,180,178,213,217,213,209,198,196,170,169,223,213,213,208,192,169,172,187,227,223,212,213,197,164,166,187,2
24,28,26,30,29,27,19,19,52,44,34,37,27,21,21,23,44,48,44,41,25,18,26,21,65,56,53,53,38,22,19,26,131,145,137,96,57,47,23,22,139,149,154,160,159,64,45,16,131,152,150,147,161,147,99,33,166,170,157,156,152,122,126,110,1
68,150,73,52,41,38,35,33,60,116,99,61,44,36,29,38,48,118,191,51,43,41,39,38,33,96,193,39,40,36,39,40,39,75,201,36,33,33,35,39,37,68,179,47,34,32,28,34,35,62,175,71,48,40,31,42,34,44,124,98,52,56,37,38,1
22,20,49,66,67,61,77,69,18,24,50,60,66,72,69,69,26,21,24,53,64,64,72,76,22,21,28,29,58,62,66,72,19,20,20,30,28,59,63,61,15,20,22,23,24,19,45,59,30,14,22,17,21,22,25,26,29,25,19,15,20,16,24,28,1
38,49,37,39,45,40,41,43,39,40,43,41,40,42,41,43,38,43,38,37,44,36,33,47,36,33,38,36,36,39,41,35,33,32,38,31,30,30,34,38,31,29,26,30,34,26,35,28,34,33,31,27,31,22,28,31,111,19,22,21,15,22,18,31,1
157,209,177,29,31,40,47,47,147,195,208,30,33,43,41,48,138,207,210,30,31,44,46,50,156,216,198,30,31,41,47,48,177,224,176,25,33,40,47,50,215,220,89,23,29,44,40,46,206,220,34,22,30,37,50,52,210,89,26,22,18,37,43,50,1
49,45,46,51,50,39,35,41,45,43,43,45,42,34,34,41,41,39,36,34,32,28,28,32,39,37,34,33,35,33,29,26,51,46,36,29,30,31,30,29,50,48,40,32,29,27,27,29,35,39,42,43,42,35,30,30,40,38,37,38,38,34,32,34,2
39,38,30,26,18,17,28,33,53,43,34,26,23,19,31,37,53,57,50,32,28,22,40,41,69,85,115,58,29,33,42,51,75,101,168,99,31,29,53,63,93,114,213,134,38,30,48,67,102,146,217,134,46,26,44,61,128,191,223,115,47,28,35,54,1
79,97,89,75,31,37,38,46,78,69,45,28,31,41,38,45,58,28,26,27,30,34,44,51,19,14,19,24,28,38,40,43,18,17,19,24,23,34,36,37,21,16,17,22,28,25,33,60,43,15,20,18,15,19,29,59,60,23,16,13,18,23,26,87,1
58,41,28,29,25,25,26,27,39,32,25,25,27,19,21,28,41,27,26,21,22,24,24,23,30,26,20,22,21,18,22,22,28,26,25,19,21,27,32,87,23,24,24,25,68,120,97,105,24,62,83,101,91,79,73,75,76,70,63,63,70,71,56,64,1
58,60,81,149,113,156,194,157,50,76,95,101,123,137,151,145,52,104,100,108,119,128,135,137,49,71,80,98,116,125,118,105,44,70,91,103,119,106,103,101,41,55,63,84,85,97,90,96,30,44,44,53,68,65,101,103,39,28,38,44,173,184,217,216,1
255,255,255,255,255,255,255,255,255,255,255,255,255,255,255,255,255,255,255,255,255,255,255,255,255,255,255,255,255,255,255,255,255,255,255,255,255,255,255,255,255,255,255,255,255,255,255,255,255,255,255,255,255,255,255,255,255,255,255,255,255,255,255,255,2
255,255,255,255,255,255,255,255,255,255,255,255,255,255,255,255,255,255,255,255,255,255,255,255,255,255,255,255,255,255,255,255,255,255,255,255,255,255,255,255,255,255,255,255,255,255,255,255,255,255,255,255,255,255,255,255,255,255,255,255,255,255,255,255,2
255,255,255,255,255,255,255,255,255,255,255,255,255,255,255,255,255,255,255,255,255,255,255,255,255,255,255,255,255,255,255,255,255,255,255,255,255,255,255,255,255,255,255,255,255,255,255,255,255,255,255,255,255,255,255,255,255,255,255,255,255,255,255,255,0
42,52,63,57,60,51,52,53,51,58,56,56,61,54,59,54,58,66,63,64,61,54,59,57,65,64,64,65,64,65,57,57,74,69,69,71,68,71,60,60,74,74,72,78,73,69,65,61,80,70,64,71,74,75,70,63,99,79,74,68,68,75,70,73,1
230,236,121,106,91,83,75,71,247,219,113,108,96,80,85,82,249,202,97,102,85,88,86,81,245,196,107,95,100,105,105,110,253,129,104,96,109,155,141,153,243,120,107,112,121,155,149,169,216,109,113,106,126,138,151,157,186,109,108,102,120,128,150,161,1
189,189,188,187,186,184,183,183,195,194,194,192,191,190,189,188,200,200,199,198,197,196,195,194,205,205,204,203,202,201,200,200,210,210,209,208,208,207,206,206,215,215,214,213,213,212,212,212,219,219,218,218,217,217,217,217,222,222,222,221,221,221,221,221,2
255,255,255,255,255,255,255,255,255,255,255,255,255,255,255,255,255,255,255,255,255,255,255,255,255,255,255,255,255,255,255,255,255,255,255,255,255,255,255,255,255,255,255,255,255,255,255,255,255,255,255,255,255,255,255,255,255,255,255,255,255,255,255,255,0
255,255,255,255,255,255,255,255,255,255,255,255,255,255,255,255,255,255,255,255,255,255,255,255,255,255,255,255,255,255,255,255,255,255,255,255,255,255,255,255,255,255,255,255,255,255,255,255,255,255,255,255,255,255,255,255,255,255,255,255,255,255,255,255,0
164,179,199,202,190,173,180,178,204,199,191,177,168,176,186,165,197,202,182,172,170,168,153,156,202,193,189,176,176,157,158,142,196,189,175,169,165,163,151,124,185,168,180,169,170,159,140,166,178,171,171,162,158,149,144,208,176,169,163,158,135,137,183,154,1
253,253,249,254,255,255,251,253,253,254,253,253,252,254,254,255,252,251,255,255,253,252,255,254,254,255,255,248,255,255,228,185,255,251,255,255,230,160,91,52,162,118,127,142,95,49,51,55,29,24,22,30,42,59,75,87,37,44,54,71,77,83,94,112,2
32,39,43,51,49,54,57,56,38,44,47,52,50,55,59,58,44,49,50,51,49,54,60,59,47,51,50,49,47,51,57,55,48,51,50,48,47,49,54,51,50,50,51,49,49,48,51,46,50,49,49,49,50,45,46,41,49,46,47,47,49,42,42,36,1
255,255,255,255,255,255,255,255,255,255,255,255,255,255,255,255,255,255,255,255,255,255,255,255,255,255,255,255,255,255,255,255,255,255,255,255,255,255,255,255,255,255,255,255,255,255,255,255,255,255,255,255,255,255,255,255,255,255,255,255,255,255,255,255,0
41,38,43,47,43,49,51,52,37,41,43,40,54,48,55,54,38,41,39,50,48,49,54,57,38,37,46,44,50,52,59,52,36,46,43,46,50,50,53,63,36,45,44,48,55,51,55,54,66,50,47,47,50,54,54,63,234,223,205,65,45,48,59,57,1
123,117,119,123,124,120,105,92,116,111,109,113,120,122,106,94,106,107,105,106,112,123,111,100,96,100,104,105,103,117,115,106,88,84,95,103,97,108,113,107,84,75,91,100,94,98,107,104,82,90,109,102,91,90,100,101,81,112,134,106,86,82,96,99,2
255,255,255,255,255,255,255,255,255,255,255,255,255,255,255,255,255,255,255,255,255,255,255,255,255,255,255,255,255,255,255,255,255,255,255,255,255,255,255,255,255,255,255,255,255,255,255,255,255,255,255,255,255,255,255,255,255,255,255,255,255,255,255,255,0
113,107,115,123,126,126,122,129,153,95,99,119,125,131,133,140,136,107,96,113,121,131,128,144,77,145,86,99,119,135,123,137,62,148,95,93,124,117,125,145,65,103,133,94,97,105,112,132,72,66,171,93,99,111,116,107,71,60,140,128,101,109,99,117,1
255,255,255,255,255,255,255,255,255,255,255,255,255,255,255,255,255,255,255,255,255,255,255,255,255,255,255,255,255,255,255,255,255,255,255,255,255,255,255,255,255,255,255,255,255,255,255,255,255,255,255,255,255,255,255,255,255,255,255,255,255,255,255,255,2
79,75,65,68,56,55,54,57,71,70,68,66,57,51,54,58,69,67,68,65,62,52,56,54,67,69,73,67,61,49,54,53,70,71,71,66,58,51,53,51,70,73,69,65,53,51,54,56,65,74,73,65,47,46,58,69,71,71,65,57,50,53,63,67,0
207,204,207,205,205,209,214,209,212,211,216,216,217,218,219,211,218,216,219,218,218,217,219,213,226,224,225,220,217,216,221,220,231,230,231,226,225,223,227,226,233,232,230,225,229,231,233,230,229,230,228,221,226,231,235,234,218,224,225,218,221,225,230,230,2
255,255,255,255,254,253,255,255,227,252,255,253,255,255,251,255,73,237,255,253,253,255,255,255,60,72,214,253,255,252,253,254,47,55,72,212,255,255,255,255,50,45,47,73,239,250,255,252,43,41,44,47,79,255,251,255,47,44,46,44,46,113,251,254,1
99,109,107,112,126,125,123,135,101,113,116,122,133,127,133,132,113,121,125,128,132,129,141,142,116,126,129,129,134,139,136,134,121,126,130,141,154,165,184,194,193,210,204,201,215,204,198,176,200,202,208,206,198,198,159,83,204,207,204,207,196,171,89,67,1
79,70,75,69,66,69,63,68,71,71,66,70,71,67,69,63,70,72,65,70,70,66,72,64,71,71,72,68,64,66,66,65,71,69,75,68,62,63,57,59,75,72,71,67,62,60,58,56,77,75,68,66,60,56,60,58,73,71,71,67,59,54,56,58,1
40,38,50,64,110,113,153,170,35,46,39,56,69,110,136,151,39,30,40,65,80,92,119,146,44,35,43,58,78,97,114,130,47,49,53,63,68,81,92,121,54,57,59,58,71,79,83,95,59,61,59,64,64,72,75,88,67,63,65,70,67,67,74,81,1
91,81,79,75,69,65,71,79,144,95,84,72,77,70,62,77,165,132,91,82,71,66,74,73,164,160,146,88,74,77,76,76,157,161,163,143,92,69,72,75,156,158,164,165,155,96,68,75,159,158,156,159,167,154,109,75,158,156,162,160,160,170,164,121,2
244,244,244,244,244,244,244,244,245,245,245,245,245,245,245,245,245,245,245,245,245,245,245,245,245,245,245,245,245,244,244,244,246,246,246,246,246,246,246,246,246,246,247,247,247,248,248,248,247,247,247,248,248,248,248,248,249,249,249,249,248,248,248,248,2
17,22,22,23,28,28,25,29,14,16,15,15,17,17,14,15,18,15,14,15,15,17,16,14,19,14,15,16,15,18,21,18,20,15,16,17,13,16,20,18,22,18,19,19,14,16,21,19,24,21,21,20,16,17,20,19,27,25,23,21,18,18,18,17,1
143,156,116,40,46,47,50,97,145,153,163,165,44,44,45,132,137,153,161,157,158,81,42,237,148,179,159,160,143,145,47,70,227,219,182,153,132,127,54,40,252,253,212,163,119,106,87,29,255,249,214,145,103,79,86,36,242,236,192,134,97,84,86,25,1
255,255,255,255,255,255,255,255,255,255,255,255,255,255,255,255,255,255,255,255,255,255,255,255,255,255,255,255,255,255,255,255,255,255,255,255,255,255,255,255,255,255,255,255,255,255,255,255,255,255,255,255,255,255,255,255,255,255,255,255,255,255,255,255,0
39,39,60,108,141,158,164,170,39,39,93,110,147,163,176,173,41,66,104,106,122,131,164,165,48,92,97,110,122,127,161,162,65,94,96,98,112,118,137,138,79,92,94,90,95,109,126,124,75,82,74,83,81,95,101,95,66,75,74,79,78,83,84,94,1
250,249,249,248,248,248,248,248,251,251,250,250,251,251,251,252,253,253,253,253,253,254,254,255,255,255,255,255,255,255,255,255,255,255,255,255,255,255,255,255,255,255,255,255,255,255,255,255,255,255,255,255,255,255,255,255,255,255,255,255,255,255,255,255,0
255,255,255,255,255,255,255,255,255,255,255,255,255,255,255,255,255,255,255,255,255,255,255,255,255,255,255,255,255,255,255,255,255,255,255,255,255,255,255,255,255,255,255,255,255,255,255,255,255,255,255,255,255,255,255,255,255,255,255,255,255,255,255,255,2
255,255,255,255,255,255,255,255,255,255,255,255,255,255,255,255,255,255,255,255,255,255,255,255,255,255,255,255,255,255,255,255,255,255,255,255,255,255,255,255,255,255,255,255,255,255,255,255,255,255,255,255,255,255,255,255,255,255,255,255,255,255,255,255,0
255,255,255,255,255,255,255,255,255,255,255,255,255,255,255,255,255,255,255,255,255,255,255,255,255,255,255,255,255,255,255,255,255,255,255,255,255,255,255,255,255,255,255,255,255,255,255,255,255,255,255,255,255,255,255,255,255,255,255,255,255,255,255,255,2
255,255,255,255,255,255,255,255,255,255,255,255,255,255,255,255,255,255,255,255,255,255,255,255,255,255,255,255,255,255,255,255,255,255,255,255,255,255,255,255,255,255,255,255,255,255,255,255,255,255,255,255,255,255,255,255,255,255,255,255,255,255,255,255,2
255,255,255,255,255,255,255,255,255,255,255,255,255,255,255,255,255,255,255,255,255,255,255,255,255,255,255,255,255,255,255,255,255,255,255,255,255,255,255,255,255,255,255,255,255,255,255,255,255,255,255,255,255,255,255,255,255,255,255,255,255,255,255,255,0
79,74,74,80,87,98,95,99,72,78,78,84,81,85,78,74,75,77,78,87,81,73,77,82,76,72,81,90,93,80,84,85,83,76,75,70,79,95,100,93,71,75,80,82,87,113,108,93,80,72,70,73,80,99,106,100,78,68,76,87,108,107,112,93,0
138,119,108,112,94,112,135,175,119,114,113,110,88,96,121,143,117,108,105,105,94,95,109,143,129,112,105,102,81,92,102,131,123,106,98,95,88,106,110,133,117,102,91,94,90,95,116,124,120,72,119,163,181,196,187,200,164,191,198,197,201,210,198,197,1
234,231,214,222,204,187,190,176,231,223,213,213,206,207,181,189,232,222,217,216,196,182,184,178,229,215,206,197,182,169,179,190,229,217,206,207,182,174,159,146,223,218,212,189,171,181,169,148,194,197,203,212,200,191,242,207,127,112,104,145,154,143,226,243,1
66,79,120,130,162,183,180,180,63,73,101,117,167,170,171,166,68,70,84,103,129,156,151,141,70,62,73,91,120,142,152,132,72,68,64,85,99,121,147,87,68,75,75,70,91,123,160,99,56,77,68,66,82,116,133,137,46,57,65,63,58,73,107,107,1
41,40,43,44,41,39,41,36,46,51,43,41,44,45,44,41,40,45,39,50,47,45,47,46,45,43,48,43,46,49,50,52,82,45,50,48,44,42,46,47,109,123,66,49,43,47,41,45,124,194,159,109,46,39,43,46,188,110,89,88,90,68,43,42,1
255,255,255,255,254,255,254,255,255,254,255,253,255,252,255,254,255,255,254,255,252,255,249,254,248,254,251,252,255,250,255,255,255,252,255,252,255,255,252,252,237,236,238,245,224,233,255,255,111,124,117,96,114,132,170,222,79,81,74,79,88,93,89,91,0
24,31,27,29,32,32,36,34,20,25,25,30,26,49,77,128,21,21,32,73,122,149,148,175,19,41,84,109,148,159,172,181,41,57,106,135,149,151,173,177,74,81,108,124,141,165,159,172,63,113,125,127,138,132,122,106,76,84,130,105,109,89,81,95,1
48,49,55,54,56,55,60,59,44,50,39,57,56,48,49,52,53,43,48,51,51,54,56,53,61,50,52,41,46,53,49,57,77,102,85,55,58,51,63,63,138,153,153,145,89,51,61,59,157,161,158,131,54,59,63,67,154,164,144,55,54,68,70,77,0
255,255,255,255,255,255,255,255,255,255,255,255,255,255,255,255,255,255,255,255,255,255,255,255,255,255,255,255,255,255,255,255,255,255,255,255,255,255,255,255,255,255,255,255,255,255,255,255,255,255,255,255,255,255,255,255,255,255,255,255,255,255,255,255,0
87,89,91,101,118,95,74,74,87,92,91,98,95,97,94,109,90,87,96,127,87,84,115,112,90,96,94,122,88,97,80,96,89,93,107,91,59,75,69,77,97,92,107,56,58,53,66,48,95,97,100,58,53,51,44,45,91,108,78,59,49,46,47,50,1
255,255,255,255,255,255,255,255,255,255,255,255,255,255,255,255,255,255,255,255,255,255,255,255,255,255,255,255,255,255,255,255,255,255,255,255,255,255,255,255,255,255,255,255,255,255,255,255,255,255,255,255,255,255,255,255,255,255,255,255,255,255,255,255,0
21,23,25,33,35,41,56,73,20,21,24,30,33,43,41,46,27,41,47,62,102,140,160,160,45,50,74,87,79,82,84,93,83,101,150,172,154,178,143,109,102,112,127,146,157,178,181,178,90,111,116,147,176,168,175,191,65,86,103,139,159,184,170,185,1
60,64,59,65,65,60,64,62,53,58,68,67,68,66,61,64,38,52,52,64,64,58,62,63,29,33,43,45,51,52,51,52,39,30,31,32,36,34,36,41,229,61,27,28,37,52,67,88,237,230,96,88,90,103,93,90,236,235,104,91,89,94,93,82,1
193,176,171,158,166,205,209,189,190,189,190,185,194,219,223,210,193,189,185,188,200,208,207,201,190,181,184,190,191,183,181,185,211,190,192,185,176,172,172,174,206,188,199,188,176,173,160,138,176,171,186,176,165,163,153,126,156,153,163,160,160,157,148,118,2
96,38,26,77,72,222,255,241,219,177,58,57,126,252,247,251,217,174,110,77,237,253,251,243,226,171,110,172,249,246,244,247,241,157,106,245,249,250,244,244,244,116,175,252,249,241,247,248,168,104,245,250,251,245,250,247,116,178,255,249,242,253,247,232,1
48,49,54,64,69,71,72,65,48,49,53,63,63,69,70,72,50,43,57,60,70,63,69,76,42,46,50,48,53,65,66,77,36,35,39,45,44,63,63,68,66,67,74,87,105,125,125,126,80,79,118,177,176,193,199,195,117,178,199,186,190,205,204,198,1
33,31,28,28,28,22,19,22,35,28,28,30,27,27,28,24,31,32,31,29,30,30,29,29,27,33,34,32,32,28,26,31,28,27,33,36,30,28,29,28,32,27,27,31,33,32,31,29,40,36,26,24,33,35,32,33,51,41,31,25,26,34,37,33,1
198,186,171,156,138,122,116,115,188,181,172,158,137,122,115,114,179,175,168,156,139,124,117,113,169,167,164,157,143,129,118,111,158,160,168,171,162,143,124,111,154,160,175,191,193,175,144,118,153,164,183,202,210,200,169,139,150,168,189,203,208,204,185,162,2
108,95,97,118,119,99,85,78,121,111,98,108,124,101,78,80,117,122,107,105,132,119,85,74,110,114,111,112,129,126,98,85,112,120,122,113,116,130,119,110,120,152,172,142,116,116,112,117,120,142,193,201,184,141,105,98,124,123,180,197,182,128,98,93,2
59,42,20,27,28,24,26,27,51,32,21,26,29,29,26,28,45,21,22,24,29,33,28,31,42,18,21,20,25,31,30,32,39,20,18,17,21,25,30,29,36,23,17,17,19,21,26,24,35,27,18,18,17,20,22,22,37,30,21,18,16,21,19,23,1
255,255,255,255,254,254,254,254,255,255,255,255,255,255,255,255,255,255,255,255,255,255,255,255,255,255,255,255,255,255,255,255,255,255,255,255,255,255,255,255,255,255,255,255,255,255,255,255,255,255,255,255,255,255,255,255,255,255,255,255,255,255,255,255,0
255,255,255,255,255,255,255,255,255,255,255,255,255,255,255,255,255,255,255,255,255,255,255,255,255,255,255,255,255,255,255,255,255,255,255,255,255,255,255,255,255,255,255,255,255,255,255,255,255,255,255,255,255,255,255,255,255,255,255,255,255,255,255,255,2
255,255,255,255,255,255,255,255,255,255,255,255,255,255,255,255,255,255,255,255,255,255,255,255,255,255,255,255,255,255,255,255,255,255,255,255,255,255,255,255,255,255,255,255,255,255,255,255,255,255,255,255,255,255,255,255,255,255,255,255,255,255,255,255,0
255,255,255,255,255,255,255,255,255,255,255,255,255,255,255,255,255,255,255,255,255,255,255,255,255,255,255,255,255,255,255,255,255,255,255,255,255,255,255,255,255,255,255,255,255,255,255,255,255,255,255,255,255,255,255,255,255,255,255,255,255,255,255,255,0
214,213,212,210,209,207,204,202,216,216,215,213,212,211,209,207,219,218,217,215,214,213,212,211,221,221,219,217,215,215,214,213,222,222,222,220,218,217,216,214,222,223,223,222,221,220,218,216,223,223,223,223,223,222,220,218,225,225,224,224,224,224,222,220,2
255,255,255,255,255,255,255,255,255,255,255,255,255,255,255,255,255,255,255,255,255,255,255,255,255,255,255,255,255,255,255,255,255,255,255,255,255,255,255,255,255,255,255,255,255,255,255,255,255,255,255,255,255,255,255,255,255,255,255,255,255,255,255,255,2
243,248,251,251,254,244,240,234,239,245,249,246,252,246,243,189,241,239,245,248,251,250,169,72,245,240,239,242,243,163,55,30,247,244,246,249,163,40,22,47,248,254,250,173,67,47,56,56,255,234,165,81,65,58,65,70,203,129,92,68,54,68,81,73,2
255,255,255,255,255,255,255,255,255,255,255,255,255,255,255,255,255,255,255,255,255,255,255,255,255,255,255,255,255,255,255,255,255,255,255,255,255,255,255,255,254,254,254,254,254,254,254,254,254,254,254,254,254,254,254,254,255,255,255,255,255,255,255,255,0
162,198,170,174,170,199,186,182,199,200,192,187,180,182,176,179,201,195,195,188,186,182,176,169,192,191,182,190,182,172,173,183,188,184,187,190,188,168,166,165,186,184,184,183,169,187,168,148,171,170,190,181,179,177,164,142,163,173,170,181,170,169,143,131,1
255,255,255,255,255,255,255,255,255,255,255,255,255,255,255,255,255,255,255,255,255,255,255,255,255,255,255,255,255,255,255,255,255,255,255,255,255,255,255,255,255,255,255,255,255,255,255,255,255,255,255,255,255,255,255,255,255,255,255,255,255,255,255,255,2
74,79,75,118,132,164,171,160,77,82,86,96,97,97,106,186,72,74,82,82,89,96,90,109,75,72,68,75,82,79,87,89,68,67,66,66,73,78,79,83,66,61,66,67,65,72,75,75,59,65,64,60,66,67,68,68,59,52,60,60,64,61,61,68,0
151,140,142,142,144,148,151,149,149,153,149,151,148,150,150,155,148,150,154,149,152,155,160,154,154,151,157,153,159,158,162,167,154,158,154,157,161,158,147,183,162,162,160,158,171,173,162,183,165,159,166,157,173,173,175,162,165,169,174,169,173,158,164,153,1
218,255,255,252,255,253,255,253,69,147,250,252,253,255,255,255,59,46,113,255,254,252,253,253,46,26,39,97,255,255,255,255,29,38,61,93,134,244,250,255,140,139,145,137,110,120,204,255,111,122,124,138,155,159,101,124,96,90,94,108,111,137,143,162,1
255,255,255,255,255,255,255,255,255,255,255,255,255,255,255,255,255,255,255,255,255,255,255,255,255,255,255,255,255,255,255,255,255,255,255,255,255,255,255,255,255,255,255,255,255,255,255,255,255,255,255,255,255,255,255,255,255,255,255,255,255,255,255,255,2
227,226,224,223,223,223,223,223,228,227,226,225,224,223,223,222,229,228,227,226,225,225,224,223,229,228,228,227,227,226,226,225,228,228,228,228,228,228,227,226,230,229,229,228,228,228,228,227,231,230,229,229,229,228,228,228,231,230,229,229,229,229,229,228,2
170,168,166,164,163,162,161,160,174,173,171,169,168,167,165,164,178,177,176,175,174,172,170,169,182,181,179,179,178,177,176,175,187,185,184,183,182,182,181,180,193,191,189,187,187,186,184,184,198,197,195,193,192,191,189,188,202,201,200,198,197,196,194,193,2
255,255,255,255,255,255,255,255,255,255,255,255,255,255,255,255,255,255,255,255,255,255,255,255,255,255,255,255,255,255,255,255,255,255,255,255,255,255,255,255,255,255,255,255,255,255,255,255,255,255,255,255,255,255,255,255,255,255,255,255,255,255,255,255,2
255,255,255,255,255,255,255,255,255,255,255,255,255,255,255,255,255,255,255,255,255,255,255,255,255,255,255,255,255,255,255,255,255,255,255,255,255,255,255,255,255,255,255,255,255,255,255,255,255,255,255,255,255,255,255,255,255,255,255,255,255,255,255,255,0
74,69,75,69,70,65,51,42,76,82,77,68,71,71,62,48,77,80,77,82,71,67,71,56,80,80,78,91,78,71,76,67,81,89,79,80,83,84,76,71,81,88,84,80,84,87,76,68,85,82,89,91,87,83,79,68,86,82,84,86,87,80,78,68,1
56,42,39,36,37,85,74,55,35,63,57,43,35,71,86,54,42,37,47,56,47,66,85,46,49,46,49,32,28,76,93,45,23,22,21,38,30,73,93,48,22,24,21,21,60,73,89,59,19,27,27,28,40,77,78,65,24,22,30,28,28,48,52,52,1
255,255,255,255,255,255,255,255,255,255,255,255,255,255,255,255,255,255,255,255,255,255,255,255,255,255,255,255,255,255,255,255,255,255,255,255,255,255,255,255,255,255,255,255,255,255,255,255,255,255,255,255,255,255,255,255,255,255,255,255,255,255,255,255,2
141,149,137,133,127,126,127,141,139,148,136,130,123,123,126,139,140,148,137,129,118,119,124,137,141,150,140,128,112,114,122,134,141,150,141,128,106,108,119,131,141,148,140,127,104,106,118,129,143,146,138,127,105,107,119,128,145,145,136,127,105,108,119,126,2
255,255,255,255,255,255,255,255,255,255,255,255,255,255,255,255,255,255,255,255,255,255,255,255,255,255,255,255,255,255,255,255,255,255,255,255,255,255,255,255,255,255,255,255,255,255,255,255,255,255,255,255,255,255,255,255,255,255,255,255,255,255,255,255,2
243,238,231,227,226,225,223,222,240,235,230,228,227,226,225,223,236,233,229,228,228,227,226,225,235,232,229,229,229,228,226,225,234,232,230,229,229,228,227,226,233,232,230,230,230,229,228,228,233,232,231,231,231,230,229,229,233,233,232,232,231,230,229,229,2
36,36,40,36,39,38,40,42,38,45,42,40,43,49,43,52,44,36,38,48,43,47,83,134,42,47,47,48,75,89,110,152,28,29,43,59,77,88,92,129,32,30,37,52,70,63,120,113,30,32,36,42,44,57,75,96,39,35,38,35,43,41,60,81,1
248,213,200,183,179,145,176,235,254,174,169,174,164,119,154,220,250,156,151,154,122,110,180,233,237,125,90,74,94,114,213,238,206,66,52,49,94,123,233,240,162,47,41,72,109,183,238,244,131,40,40,94,122,228,243,239,129,38,52,108,185,243,244,239,1
81,72,71,72,69,68,60,61,82,86,71,63,63,64,58,56,76,83,78,68,57,60,58,51,69,71,79,77,62,59,54,51,64,69,71,79,75,63,53,52,57,66,66,83,80,68,66,54,53,55,65,79,72,73,74,60,58,50,60,61,65,78,66,68,2
253,254,255,255,255,255,255,255,254,254,255,255,255,255,255,255,254,254,255,255,255,255,255,255,253,254,255,255,255,255,255,255,253,254,254,255,255,255,255,255,253,253,254,255,255,254,255,255,253,253,254,255,255,255,255,255,253,254,254,255,255,255,255,255,2
255,255,255,255,255,255,255,255,255,255,255,255,255,255,255,255,255,255,255,255,255,255,255,255,255,255,255,255,255,255,255,255,255,255,255,255,255,255,255,255,255,255,255,255,255,255,255,255,255,255,255,255,255,255,255,255,255,255,255,255,255,255,255,255,0
255,255,255,255,255,255,255,255,254,255,255,255,255,255,255,255,254,254,255,255,255,255,255,255,254,254,254,255,255,255,255,255,254,254,254,255,255,255,255,255,254,254,255,255,255,255,255,255,254,255,255,255,255,255,255,255,255,255,255,255,255,255,255,255,2
69,66,66,35,16,24,34,40,73,66,45,64,60,64,58,48,91,117,104,94,89,77,61,61,199,192,197,160,125,99,84,69,201,206,200,196,197,180,138,103,205,196,206,206,196,193,180,182,195,201,201,213,207,199,222,193,195,199,200,203,208,201,207,205,1
55,47,28,22,17,24,26,33,46,35,27,18,25,28,36,36,41,29,22,27,32,39,43,44,33,20,14,33,33,42,42,48,25,15,18,35,40,45,48,50,15,15,18,34,36,46,45,45,18,19,20,35,37,46,44,49,21,13,19,27,42,36,44,53,1
140,152,160,154,147,130,121,121,146,159,170,158,151,131,128,129,141,148,154,147,147,135,127,122,141,144,141,146,148,147,130,118,139,143,141,145,143,142,128,120,137,139,144,141,142,135,136,133,139,134,139,135,140,135,141,140,148,141,139,138,141,140,142,142,2
115,118,150,179,175,184,95,70,128,150,169,177,167,124,76,64,134,168,158,164,152,101,64,56,137,143,162,163,122,82,62,43,140,125,140,123,85,74,48,20,114,119,113,83,63,55,27,26,104,97,94,72,58,29,27,34,99,97,73,47,28,25,34,42,1
255,255,255,255,255,255,255,255,255,255,255,255,255,255,255,255,255,255,255,255,255,255,255,255,255,255,255,255,255,255,255,255,255,255,255,255,255,255,255,255,255,255,255,255,255,255,255,255,255,255,255,255,255,255,255,255,255,255,255,255,255,255,255,255,2
255,255,255,255,255,255,255,255,255,255,255,255,255,255,255,255,255,255,255,255,255,255,255,255,255,255,255,255,255,255,255,255,255,255,255,255,255,255,255,255,255,255,255,255,255,255,255,255,255,255,255,255,255,255,255,255,255,255,255,255,255,255,255,255,0
44,47,43,42,41,48,146,144,33,38,47,48,61,89,157,145,37,44,67,55,61,84,147,147,64,59,52,56,52,101,141,133,74,67,61,56,57,123,152,124,83,74,68,66,55,129,138,115,97,80,77,62,56,91,116,113,115,95,78,59,55,65,101,109,1
255,255,255,255,255,255,255,255,255,255,255,255,255,255,255,255,255,255,255,255,255,255,255,255,255,255,255,255,255,255,255,255,255,255,255,255,255,255,255,255,255,255,255,255,255,255,255,255,255,255,255,255,255,255,255,255,255,255,255,255,255,255,255,255,2
255,255,255,255,255,255,255,255,255,255,255,255,255,255,255,255,255,255,255,255,255,255,255,255,255,255,255,255,255,255,255,255,255,255,255,255,255,255,255,255,255,255,255,255,255,255,255,255,255,255,255,255,255,255,255,255,255,255,255,255,255,255,255,255,0
43,42,163,234,161,59,63,58,35,33,37,42,55,159,196,213,35,36,33,33,35,38,38,42,30,27,35,29,31,34,34,33,41,34,29,23,29,35,40,79,47,38,37,30,34,66,119,47,40,52,44,30,86,92,45,47,21,55,74,90,52,48,44,45,1
59,80,114,110,125,137,147,109,105,122,129,153,149,161,164,177,108,117,137,157,158,165,177,177,106,123,130,160,153,170,174,190,118,123,134,150,162,174,187,189,160,138,137,166,171,180,196,208,124,139,143,162,173,180,199,235,126,138,149,155,163,157,194,243,1
255,255,255,255,255,255,255,255,255,255,255,255,255,255,255,255,255,255,255,255,255,255,255,255,255,255,255,255,255,255,255,255,255,255,255,255,255,255,255,255,255,255,255,255,255,255,255,255,255,255,255,255,255,255,255,255,255,255,255,255,255,255,255,255,0
255,255,255,255,254,255,255,253,254,254,252,253,255,255,255,255,127,255,255,255,255,253,255,251,55,90,252,249,255,255,251,255,54,52,73,210,254,254,255,255,56,51,49,59,149,255,251,255,54,59,53,49,58,118,254,255,61,58,53,53,50,56,72,249,1
74,65,76,74,77,72,73,70,70,74,74,72,77,80,76,77,68,78,73,75,76,81,79,81,69,70,70,81,74,77,83,84,78,73,71,80,78,77,83,83,81,80,74,71,79,79,80,80,93,95,92,81,83,84,82,82,129,128,130,114,96,90,87,85,0
134,68,44,38,27,19,17,23,219,117,61,43,40,22,25,27,228,195,90,59,47,37,24,60,224,232,147,63,43,38,38,67,211,207,177,73,44,34,29,22,196,209,186,121,47,41,27,21,193,199,179,138,53,39,32,25,200,160,129,76,45,39,26,33,1
255,255,255,255,255,255,255,255,255,255,255,255,255,255,255,255,255,255,255,255,255,255,255,255,255,255,255,255,255,255,255,255,255,255,255,255,255,255,255,255,255,255,255,255,255,255,255,255,255,255,255,255,255,255,255,255,255,255,255,255,255,255,255,255,2
106,204,121,196,170,86,85,76,79,115,195,179,162,90,82,80,50,182,201,183,164,93,82,78,85,199,202,180,153,84,78,78,192,198,195,169,135,80,87,75,213,207,189,187,110,87,80,80,221,196,191,189,92,80,82,77,207,205,196,175,91,79,77,80,1
110,76,84,77,83,76,75,58,82,90,73,82,80,81,71,73,83,80,80,79,79,75,76,78,121,87,78,86,80,79,76,72,191,157,100,87,82,82,77,75,243,239,186,109,81,82,78,73,228,252,253,184,86,87,76,70,189,214,255,239,101,81,84,84,0
87,84,77,75,77,74,71,69,72,73,71,77,71,76,77,75,85,60,73,76,73,69,69,67,87,128,57,67,74,96,81,38,85,82,68,29,30,38,30,26,86,93,101,42,48,63,107,44,90,88,82,51,67,131,200,120,90,103,79,66,102,196,215,190,1
89,100,85,89,81,92,108,191,90,86,77,76,83,86,110,190,74,75,88,101,84,86,117,195,73,85,76,87,78,84,106,182,74,87,78,75,82,84,97,122,85,74,78,87,82,75,93,99,70,79,75,74,75,96,92,86,75,76,75,76,77,105,93,88,0
255,255,255,255,255,255,255,255,255,255,255,255,255,255,255,255,255,255,255,255,255,255,255,255,255,255,255,255,255,255,255,255,255,255,255,255,255,255,255,255,255,255,255,255,255,255,255,255,255,255,255,255,255,255,255,255,255,255,255,255,255,255,255,255,0
73,49,36,38,43,86,99,67,81,81,68,52,84,104,104,50,95,86,83,81,93,98,83,61,103,88,88,92,124,111,73,55,121,93,91,194,240,172,95,70,188,102,130,229,252,154,190,88,245,121,198,242,233,124,169,145,217,154,216,250,179,103,136,205,1
255,255,255,255,255,255,255,255,255,255,255,255,255,255,255,255,255,255,255,255,255,255,255,255,255,255,255,255,255,255,255,255,255,255,255,255,255,255,255,255,255,255,255,255,255,255,255,255,255,255,255,255,255,255,255,255,255,255,255,255,255,255,255,255,2
255,255,255,255,255,255,255,255,255,255,255,255,255,255,255,255,255,255,255,255,255,255,255,255,255,255,255,255,255,255,255,255,255,255,255,255,255,255,255,255,255,255,255,255,255,255,255,255,255,255,255,255,255,255,255,255,255,255,255,255,255,255,255,255,2
66,74,72,67,48,53,49,52,47,47,56,51,41,41,40,45,59,45,63,42,53,52,57,47,66,52,66,76,40,52,68,98,51,60,72,70,90,102,104,124,51,38,50,64,80,92,94,123,54,51,64,62,55,91,115,186,71,56,58,43,89,167,154,162,1
71,33,30,26,26,25,26,31,91,130,57,32,28,28,27,31,159,82,176,56,28,28,33,34,223,117,98,157,38,39,25,32,221,185,88,164,68,34,31,34,218,204,113,98,133,37,33,25,217,206,151,74,135,48,29,27,208,217,181,79,113,79,27,26,1
224,145,148,83,21,16,22,39,242,170,125,161,33,23,17,33,246,189,109,161,60,27,23,25,237,173,102,103,107,21,21,22,220,153,78,76,95,21,20,71,204,124,72,58,42,23,31,155,165,98,60,45,35,25,98,177,121,72,49,39,25,92,164,162,1
255,255,255,255,255,255,255,255,255,255,255,255,255,255,255,255,255,255,255,255,255,255,255,255,255,255,255,255,255,255,255,255,255,255,255,255,255,255,255,255,255,255,255,255,255,255,255,255,255,255,255,255,255,255,255,255,255,255,255,255,255,255,255,255,0
30,30,33,32,35,32,33,33,33,33,35,33,36,34,35,35,35,34,36,36,39,37,38,36,38,37,40,39,42,39,38,34,43,42,43,40,42,38,37,34,43,41,41,38,39,37,38,37,41,41,41,38,39,36,39,39,43,44,45,42,41,36,37,37,1
97,84,80,83,85,84,61,79,73,90,81,83,86,84,91,76,44,92,85,82,81,89,84,90,46,70,89,84,82,82,85,86,54,49,97,85,86,83,82,87,54,53,61,103,78,87,86,85,55,50,52,61,92,89,82,83,45,57,54,51,64,93,81,86,1
74,75,94,96,73,69,58,60,85,81,95,97,63,53,35,64,87,100,67,54,43,30,47,82,89,49,48,32,29,35,69,122,45,64,30,26,24,62,65,156,45,40,16,17,43,65,71,164,21,24,18,26,62,58,78,185,20,17,23,53,59,62,111,176,1
255,255,255,255,255,255,255,255,255,255,255,255,255,255,255,255,255,255,255,255,255,255,255,255,255,255,255,255,255,255,255,255,255,255,255,255,255,255,255,255,255,255,255,255,255,255,255,255,255,255,255,255,255,255,255,255,255,255,255,255,255,255,255,255,2
212,50,47,47,45,53,57,62,250,118,34,42,53,49,62,65,249,230,61,37,46,55,58,63,246,248,157,49,36,49,53,53,249,252,237,89,37,44,51,56,254,245,253,203,54,36,43,51,251,244,253,247,108,42,41,44,234,251,245,250,219,57,38,35,1
30,23,24,24,51,131,174,176,34,25,22,92,158,191,188,206,29,31,117,143,161,171,210,204,38,98,136,162,166,178,190,217,68,112,149,162,173,186,212,206,90,135,133,153,173,200,206,229,88,136,139,170,175,180,206,198,82,129,132,157,171,174,199,206,1
130,133,138,142,146,150,155,158,139,142,146,150,153,157,162,165,150,153,157,160,163,166,170,173,161,163,166,169,172,175,178,180,170,172,175,177,179,181,184,186,178,180,182,184,186,187,189,191,186,187,189,190,192,194,195,197,192,193,194,196,197,199,201,202,2
130,159,146,146,165,169,175,214,115,136,131,153,191,189,174,167,126,125,157,189,227,224,189,145,179,140,152,183,168,197,187,153,198,188,172,174,150,138,146,151,187,196,195,199,166,144,142,159,180,178,189,183,182,160,137,143,175,174,177,179,178,169,150,146,2
208,232,238,240,243,245,248,245,188,209,220,232,242,244,245,240,162,180,191,212,236,243,244,243,138,148,162,185,208,225,237,240,127,133,153,172,181,201,228,235,107,126,142,155,167,180,202,227,95,114,125,139,162,171,184,214,92,90,104,127,146,160,175,191,2
186,169,164,181,193,189,188,172,220,149,191,184,130,114,102,94,200,218,194,166,120,111,101,99,163,223,214,199,203,117,101,94,214,213,195,205,202,113,100,99,218,218,213,194,181,111,94,102,222,234,223,222,207,109,101,94,238,233,232,231,214,121,114,118,1
255,255,255,255,255,255,255,255,255,255,255,255,255,255,255,255,255,255,255,255,255,255,255,255,255,255,255,255,255,255,255,255,255,255,255,255,255,255,255,255,255,255,255,255,255,255,255,255,255,255,255,255,255,255,255,255,255,255,255,255,255,255,255,255,2
255,255,255,255,255,255,255,255,255,255,255,255,255,255,255,255,255,255,255,255,255,255,255,255,255,255,255,255,255,255,255,255,255,255,255,255,255,255,255,255,255,255,255,255,255,255,255,255,255,255,255,255,255,255,255,255,255,255,255,255,255,255,255,255,2
114,129,150,71,55,181,235,250,112,120,126,161,65,199,241,249,106,111,127,126,71,232,246,246,106,107,111,125,84,217,240,246,121,110,103,112,99,186,244,248,119,105,106,116,97,191,246,251,104,100,110,102,225,252,252,254,101,106,98,163,251,176,251,251,1
255,255,255,255,255,255,255,255,255,255,255,255,255,255,255,255,255,255,255,255,255,255,255,255,255,255,255,255,255,255,255,255,255,255,255,255,255,255,255,255,255,255,255,255,255,255,255,255,255,255,255,255,255,255,255,255,255,255,255,255,255,255,255,255,0
74,82,91,105,125,125,137,148,93,117,133,159,174,180,187,202,138,141,158,165,176,171,166,103,126,134,138,146,160,151,103,133,95,111,121,126,130,94,137,180,76,78,93,92,98,143,154,170,56,52,70,89,147,173,174,176,43,48,102,148,166,179,181,179,1
231,231,231,229,232,226,222,221,227,234,239,235,228,224,232,227,230,234,229,227,228,228,236,228,229,223,204,201,224,231,233,233,224,222,214,205,218,218,204,200,223,223,224,204,202,210,205,197,219,221,224,208,208,219,214,195,218,223,219,211,222,226,213,191,2
53,55,56,63,69,77,89,88,57,56,55,57,58,61,67,64,60,59,57,59,59,59,61,58,60,58,58,60,60,58,58,58,62,60,60,60,60,59,59,61,59,60,62,59,59,57,56,60,54,61,67,66,65,62,57,60,33,46,61,65,67,66,60,62,1
231,230,218,215,221,220,219,220,225,219,209,202,208,219,223,221,218,205,192,186,194,210,214,208,203,200,188,183,189,201,208,200,206,217,197,180,175,180,198,200,196,203,184,172,165,160,176,190,160,162,163,168,167,159,160,168,156,158,167,161,156,158,151,146,2
16,23,23,26,30,27,27,31,22,23,21,25,21,31,33,29,25,24,25,26,28,29,35,43,23,29,27,32,31,36,34,37,27,27,32,28,31,37,37,42,26,30,29,30,31,32,38,41,26,30,31,32,33,34,48,157,28,25,30,30,31,31,133,179,1
37,37,39,92,143,135,20,21,42,34,41,104,162,41,22,19,30,36,80,128,170,25,28,36,38,33,110,166,53,28,38,52,29,44,133,186,33,40,53,69,39,95,165,133,36,37,54,101,48,141,190,53,43,35,40,78,83,213,221,55,47,45,52,73,1
187,187,189,191,192,194,194,195,193,194,195,197,198,199,199,199,199,199,201,202,203,204,203,203,203,204,205,206,207,207,207,207,209,209,209,210,210,211,212,212,212,212,212,212,213,214,215,216,215,215,215,215,216,216,217,217,219,219,219,219,219,219,219,220,2
247,247,247,250,253,255,255,254,253,253,252,253,254,254,253,252,255,255,255,254,255,255,254,253,255,254,254,254,255,255,255,255,255,255,255,255,254,254,255,255,255,255,255,255,255,255,255,255,255,255,255,255,255,255,255,255,255,255,255,255,255,255,255,254,0
233,233,233,233,233,233,233,233,233,233,233,233,233,233,233,233,233,233,233,233,233,233,233,233,235,235,235,235,235,235,235,235,236,236,236,236,236,236,236,236,236,236,236,236,236,236,236,236,237,237,237,237,237,237,237,237,237,237,237,237,237,237,237,237,2
1,28,36,38,40,29,47,49,5,22,41,46,48,36,42,46,3,15,46,49,50,45,41,46,7,16,46,41,41,46,42,39,13,19,37,31,35,45,50,43,17,23,36,35,37,42,58,58,23,30,40,42,42,38,53,54,23,27,35,40,45,40,45,39,2
82,82,86,89,87,83,77,70,81,83,86,89,89,86,78,67,80,87,93,92,87,84,77,68,86,85,85,85,85,82,70,55,86,86,88,88,82,73,60,49,92,87,85,85,82,71,53,37,84,84,83,77,65,52,38,27,83,83,78,67,53,42,29,18,1
255,255,255,255,255,255,255,255,255,255,255,255,255,255,255,255,255,255,255,255,255,255,255,255,255,255,255,255,255,255,255,255,255,255,255,255,255,255,255,255,255,255,255,255,255,255,255,255,255,255,255,255,255,255,255,255,255,255,255,255,255,255,255,255,0
255,255,255,255,255,255,255,255,255,255,255,255,255,255,255,255,255,255,255,255,255,255,255,255,255,255,255,255,255,255,255,255,255,255,255,255,255,255,255,255,255,255,255,255,255,255,255,255,255,255,255,255,255,255,255,255,255,255,255,255,255,255,255,255,0
254,255,254,254,252,255,252,255,255,251,255,255,255,255,250,254,255,252,255,255,252,252,255,254,255,255,252,255,255,254,255,220,252,255,255,254,254,253,255,203,255,252,254,253,255,253,230,159,254,253,255,254,255,255,233,163,254,255,252,252,254,255,233,154,0
225,225,224,223,222,222,222,223,227,226,226,225,225,224,224,224,228,228,228,228,227,227,226,226,229,229,229,228,228,228,227,227,230,230,230,229,229,229,229,229,232,232,231,231,231,231,231,231,233,233,233,233,233,232,232,232,233,233,234,234,234,233,233,232,2
68,63,62,47,43,17,18,24,62,53,56,44,20,19,20,25,50,53,34,18,17,16,18,25,33,17,14,18,16,17,26,95,17,19,22,13,16,15,97,119,17,17,18,17,17,82,99,123,18,18,20,20,61,87,97,110,23,16,15,50,70,89,99,111,1
41,27,48,45,62,59,62,73,24,26,42,43,50,62,62,64,27,22,34,41,49,53,64,69,20,18,28,37,44,48,62,60,19,20,20,38,39,50,61,59,20,17,15,30,37,45,59,60,17,19,25,30,44,49,61,53,20,16,17,33,41,41,48,55,1
108,153,179,180,175,127,52,31,175,189,191,204,218,212,209,187,170,202,199,201,205,204,203,200,171,182,189,211,196,209,212,209,161,186,194,197,206,207,222,222,160,188,200,197,197,205,209,222,167,164,196,197,225,215,215,220,149,172,183,194,203,212,218,226,1
46,43,127,84,75,34,61,69,43,41,93,94,82,41,60,69,41,44,65,123,78,40,59,83,43,48,54,144,79,54,55,66,40,46,46,114,74,65,63,71,40,48,54,86,92,55,50,69,46,46,48,64,116,54,47,69,36,45,49,65,130,59,48,55,1
255,255,255,255,255,255,255,255,255,255,255,255,255,255,255,255,255,255,255,255,255,255,255,255,255,255,255,255,255,255,255,255,255,255,255,255,255,255,255,255,255,255,255,255,255,255,255,255,255,255,255,255,255,255,255,255,255,255,255,255,255,255,255,255,2
255,255,255,255,255,255,255,255,255,255,255,255,255,255,255,255,255,255,255,255,255,255,255,255,255,255,255,255,255,255,255,255,255,255,255,255,255,255,255,255,255,255,255,255,255,255,255,255,255,255,255,255,255,255,255,255,255,255,255,255,255,255,255,255,2
121,112,113,98,85,88,93,81,131,111,108,100,89,95,94,88,139,111,100,106,98,99,95,89,145,117,105,119,112,101,98,88,157,126,124,134,127,110,100,89,179,139,142,141,134,119,100,93,210,164,149,147,137,125,108,100,237,189,150,153,142,129,122,107,2
91,118,168,164,147,130,89,111,94,134,203,161,143,117,104,106,110,134,173,155,137,108,102,99,118,145,155,139,116,93,101,83,121,133,133,126,101,79,92,83,105,95,99,97,81,93,105,74,80,92,89,87,97,96,94,76,75,93,94,137,96,91,87,68,1
55,50,52,54,65,80,86,93,56,53,53,61,72,77,76,72,50,54,55,63,65,60,63,61,55,53,51,58,62,61,63,63,63,55,54,56,60,60,55,55,57,53,56,56,56,55,46,46,53,51,51,50,50,50,48,48,146,146,129,102,69,48,49,52,1
255,255,255,255,255,255,255,255,255,255,255,255,255,255,255,255,255,255,255,255,255,255,255,255,255,255,255,255,255,255,255,255,255,255,255,255,255,255,255,255,255,255,255,255,255,255,255,255,255,255,255,255,255,255,255,255,255,255,255,255,255,255,255,255,2
48,44,45,45,44,46,50,54,47,48,47,43,41,42,42,37,50,53,49,46,44,44,43,32,52,53,47,49,48,44,46,37,55,56,51,52,49,44,46,37,55,59,56,54,49,47,46,36,53,55,56,53,49,48,44,37,57,53,55,55,52,49,45,44,1
218,218,219,219,220,220,220,220,221,222,222,222,222,222,222,222,225,225,225,225,225,225,225,225,226,226,226,227,227,227,227,228,228,228,228,229,229,229,229,229,232,232,231,231,231,231,231,231,234,234,234,234,234,234,234,234,235,235,235,235,235,235,236,236,2
255,253,255,253,251,202,129,118,255,253,255,254,248,204,136,112,255,252,255,255,247,206,142,105,253,253,254,255,247,209,153,115,254,255,253,253,248,213,164,137,253,255,254,254,250,214,165,143,254,254,255,255,251,215,163,139,255,253,255,255,249,218,168,142,2
255,255,255,255,255,255,255,255,255,255,255,255,255,255,255,255,255,255,255,255,255,255,255,255,255,255,255,255,255,255,255,255,255,255,255,255,255,255,255,255,255,255,255,255,255,255,255,255,255,255,255,255,255,255,255,255,255,255,255,255,255,255,255,255,0
139,140,142,143,144,145,148,150,139,140,142,143,144,145,147,149,139,141,142,143,144,145,147,149,140,141,142,143,144,145,146,148,140,141,142,143,144,144,146,147,140,141,142,143,144,144,146,147,140,141,142,143,144,144,145,146,140,141,142,143,144,145,145,146,2
34,31,31,34,31,28,39,39,33,39,30,34,30,47,49,31,36,32,33,35,60,55,33,28,35,35,53,142,64,32,23,39,35,80,174,91,37,34,29,46,137,177,136,39,29,26,29,47,185,154,43,27,35,36,28,44,156,48,39,33,30,27,24,43,1
45,50,41,44,51,48,51,51,51,53,46,49,55,51,49,47,54,55,53,53,56,51,45,44,47,50,55,56,58,55,50,52,49,52,56,56,55,53,46,44,41,45,49,52,56,58,53,44,36,45,48,53,57,59,57,44,21,37,43,50,53,55,57,44,1
255,255,255,255,255,255,255,255,255,255,255,255,255,255,255,255,255,255,255,255,255,255,255,255,255,255,255,255,255,255,255,255,255,255,255,255,255,255,255,255,255,255,255,255,255,255,255,255,255,255,255,255,255,255,255,255,255,255,255,255,255,255,255,255,2
43,49,83,140,169,176,184,198,59,80,118,156,167,177,183,183,89,109,132,156,170,180,183,189,120,117,134,158,163,172,177,179,112,118,130,147,160,171,173,184,116,117,137,153,152,162,167,172,109,119,141,154,154,154,149,159,103,116,139,145,135,141,145,154,1
255,255,255,255,255,255,255,255,255,255,255,255,255,255,255,255,255,255,255,255,255,255,255,255,255,255,255,255,255,255,255,255,255,255,255,254,254,254,254,254,255,255,255,254,254,254,254,254,255,255,255,255,255,254,254,254,255,255,255,255,254,254,254,254,0
125,94,32,28,27,20,34,29,62,33,26,22,20,25,27,31,30,21,28,24,25,22,21,28,24,27,24,25,27,20,23,25,25,20,26,30,24,28,24,20,25,22,25,28,25,29,21,20,36,34,24,22,25,25,24,27,76,57,47,32,26,25,28,26,1
61,75,62,59,51,36,32,56,179,187,189,206,181,73,54,68,210,211,212,213,202,156,67,62,193,216,225,222,229,227,122,62,147,205,229,231,224,234,179,74,84,149,190,196,207,183,177,72,35,33,39,37,37,32,34,33,32,37,33,34,33,34,35,30,1
68,51,61,58,59,57,57,67,67,55,56,55,58,63,72,99,37,60,54,61,74,100,165,129,49,57,47,59,103,160,235,214,54,57,55,63,124,227,254,251,57,57,50,60,138,252,255,252,52,57,55,46,132,255,252,255,55,51,54,47,95,232,253,255,0
230,236,230,232,212,88,24,15,210,229,226,214,201,79,18,20,182,204,206,211,148,62,25,17,189,198,192,201,119,36,20,22,185,192,176,148,71,24,19,18,189,177,164,106,33,19,23,23,167,166,143,56,25,18,21,18,121,126,81,29,23,25,18,22,1
150,148,150,196,213,202,181,165,148,159,156,163,219,215,188,164,168,163,151,140,208,207,201,180,143,138,130,145,206,194,198,185,127,133,119,136,206,200,196,203,124,125,113,121,203,207,188,201,120,112,107,113,198,210,190,199,107,110,105,117,199,210,190,194,2
255,255,255,255,255,255,255,255,255,255,255,255,255,255,255,255,255,255,255,255,255,255,255,255,255,255,255,255,255,255,255,255,255,255,255,255,255,255,255,255,255,255,255,255,255,255,255,255,255,255,255,255,255,255,255,255,255,255,255,255,255,255,255,255,0
91,116,146,157,176,183,207,204,69,92,132,142,154,174,183,193,66,77,94,113,132,164,168,173,59,69,73,93,105,134,151,166,56,64,75,84,86,103,121,151,64,65,68,78,88,93,109,129,65,67,66,74,86,86,104,119,69,65,75,68,75,79,82,102,1
164,165,166,166,168,170,171,172,172,173,173,174,175,178,179,180,181,182,182,183,184,187,188,188,189,190,190,191,192,194,195,195,196,197,197,197,198,199,200,200,203,203,203,203,204,205,205,205,207,208,209,209,209,210,211,211,211,212,212,212,213,215,215,215,2
255,255,255,255,255,255,255,255,255,255,255,255,255,255,255,255,255,255,255,255,255,255,255,255,255,255,255,255,255,255,255,255,255,255,255,255,255,255,255,255,255,255,255,255,255,255,255,255,255,255,255,255,255,255,255,255,255,255,255,255,255,255,255,255,0
242,200,136,79,73,81,73,82,174,116,73,78,92,81,75,87,104,108,93,82,73,67,78,86,84,94,70,53,59,68,82,91,67,77,66,57,70,83,87,90,62,58,68,78,82,89,96,104,56,56,76,91,90,93,99,103,58,59,70,84,88,89,97,106,0
55,56,57,57,56,55,57,59,51,52,53,54,56,58,63,67,50,51,52,53,53,55,60,64,48,49,50,50,48,48,51,53,46,47,48,49,49,49,52,55,43,44,45,46,47,50,53,56,46,45,45,45,44,45,46,48,56,55,53,52,49,46,44,43,0
192,203,208,216,224,225,231,240,182,190,207,212,223,231,232,237,175,178,176,201,217,228,237,236,178,177,176,198,222,236,247,253,164,170,159,166,202,219,250,251,128,138,152,162,184,211,218,234,100,125,141,165,161,173,194,212,89,108,126,142,144,140,172,167,1
175,167,170,175,173,167,160,149,164,168,168,167,166,166,167,158,153,175,167,154,145,143,147,150,126,131,115,118,111,121,133,136,128,104,80,93,76,90,115,124,121,102,69,66,46,50,76,109,116,103,65,44,41,34,42,67,113,93,67,41,42,34,31,24,2
206,199,178,177,141,103,146,242,199,203,186,176,168,115,99,168,163,202,201,192,187,171,104,104,39,187,205,203,201,196,159,101,37,69,199,210,212,209,191,149,28,50,134,216,221,214,210,180,30,41,57,220,237,227,218,206,42,49,52,112,242,233,230,223,1
17,23,20,20,20,22,22,23,30,24,33,26,28,17,19,15,35,33,37,29,30,25,22,21,45,39,38,39,34,34,31,24,77,74,57,42,41,39,37,28,182,169,117,77,55,44,43,66,207,208,211,165,87,107,137,136,221,214,189,140,137,144,134,153,1
100,122,137,128,133,146,155,155,89,99,105,112,124,125,138,149,77,85,89,104,114,105,116,130,78,74,69,77,84,84,88,83,66,69,69,68,69,74,78,83,55,54,57,57,55,64,69,75,180,220,183,126,128,153,160,172,134,135,128,133,123,117,128,140,1
255,255,255,255,255,255,255,255,255,255,255,255,255,255,255,255,255,255,255,255,255,255,255,255,255,255,255,255,255,255,255,255,255,255,255,255,255,255,255,255,255,255,255,255,255,255,255,255,255,255,255,255,255,255,255,255,255,255,255,255,255,255,255,255,2
18,18,19,17,19,14,19,12,16,17,19,17,15,17,13,16,20,17,11,18,19,14,13,17,18,17,16,16,18,14,20,16,23,19,18,17,19,17,23,39,23,21,22,24,19,42,96,133,25,19,28,33,98,136,123,101,28,42,176,146,108,87,59,45,1
23,18,20,20,17,19,21,87,24,23,21,17,21,22,105,128,24,20,18,27,30,94,139,141,55,57,53,73,114,128,143,141,85,73,116,133,145,147,153,153,117,94,152,164,175,160,152,161,97,128,184,182,169,176,169,173,95,159,174,174,176,200,183,166,1
45,54,60,71,73,90,117,125,55,52,63,73,93,99,112,123,63,60,59,67,86,107,102,118,63,58,67,70,81,80,82,108,65,65,66,56,58,64,70,77,63,60,56,64,60,61,54,49,56,61,64,53,54,50,50,39,53,54,50,46,45,44,30,23,1
223,223,223,222,221,219,217,216,224,224,223,223,223,221,220,219,225,224,224,224,224,223,222,222,226,225,224,224,224,224,223,223,227,227,226,225,224,224,223,223,229,228,227,227,226,225,224,223,229,229,228,228,227,227,226,225,228,228,228,228,228,228,227,226,2
255,255,255,255,255,255,255,255,255,255,255,255,255,255,255,255,255,255,255,255,255,255,255,255,255,255,255,255,255,255,255,255,255,255,255,255,255,255,255,255,255,255,255,255,255,255,255,255,255,255,255,255,255,255,255,255,255,255,255,255,255,255,255,255,2
49,65,127,121,157,157,193,226,147,176,134,147,145,115,139,132,184,118,106,184,82,58,89,96,114,82,183,137,57,55,63,103,86,167,155,97,46,57,53,85,120,189,128,59,54,56,60,58,180,134,85,51,54,57,55,60,144,110,47,41,50,53,60,59,1
255,255,255,255,255,255,255,255,255,255,255,255,255,255,255,255,255,255,255,255,255,255,255,255,255,255,255,255,255,255,255,255,255,255,255,255,255,255,255,255,255,255,255,255,255,255,255,255,255,255,255,255,255,255,255,255,255,255,255,255,255,255,255,255,2
255,255,253,255,254,255,255,255,252,254,254,254,255,255,255,254,255,253,255,250,252,253,251,254,252,255,249,254,255,250,254,254,255,255,253,251,253,255,234,227,254,252,251,255,248,207,134,130,255,252,255,248,164,99,90,90,252,255,238,147,79,90,94,91,0
147,224,243,226,152,117,114,110,48,55,57,61,99,202,248,255,47,42,49,53,45,56,53,51,51,54,43,44,45,45,51,46,53,50,47,46,46,39,40,43,47,44,53,47,39,39,43,39,56,46,46,46,43,42,43,34,61,51,49,40,40,41,35,39,1
162,97,36,34,32,42,47,47,166,168,163,52,32,37,50,51,165,156,193,170,117,52,38,49,181,164,155,203,173,162,107,48,201,179,169,162,186,175,163,155,209,190,177,166,173,179,169,168,206,237,194,178,174,180,175,174,141,218,201,184,169,179,203,168,1
64,62,61,60,59,58,55,53,61,60,58,57,57,56,54,53,67,66,65,64,64,63,62,61,76,76,75,74,73,72,71,71,87,87,86,85,84,82,81,80,99,99,98,97,96,94,92,91,109,109,108,107,106,105,103,102,119,119,118,117,116,116,115,114,2
255,255,255,255,255,255,255,255,255,255,255,255,255,255,255,255,255,255,255,255,255,255,255,255,255,255,255,255,255,255,255,255,255,255,255,255,255,255,255,255,255,255,255,255,255,255,255,255,255,255,255,255,255,255,255,255,255,255,255,255,255,255,255,255,2
242,242,242,242,242,242,242,242,243,243,243,243,243,243,243,243,244,244,244,244,244,244,244,244,245,245,245,245,245,245,245,245,246,246,245,245,245,245,245,245,247,247,246,246,246,246,245,245,248,247,247,247,247,247,247,247,248,248,248,248,248,248,248,248,2
70,70,71,70,76,75,78,81,71,71,70,72,76,79,79,80,69,72,69,72,75,81,78,78,69,73,72,74,77,85,84,84,67,72,75,73,78,82,87,87,67,73,77,73,77,78,82,83,67,72,76,76,79,80,81,81,57,64,67,74,78,83,81,81,1
208,143,44,24,130,72,65,48,201,174,67,35,217,96,71,59,189,178,86,33,219,115,76,58,183,182,70,77,229,92,87,70,167,104,50,71,233,105,84,71,138,68,41,129,242,111,84,73,93,44,31,123,246,138,88,78,58,40,31,127,245,200,100,78,1
255,255,255,255,255,255,255,255,255,255,255,255,255,255,255,255,255,255,255,255,255,255,255,255,255,255,255,255,255,255,255,255,255,255,255,255,255,255,255,255,255,255,255,255,255,255,255,255,255,255,255,255,255,255,255,255,255,255,255,255,255,255,255,255,2
66,91,99,113,83,69,79,77,62,99,108,95,64,67,76,74,64,71,115,100,86,75,73,64,63,70,112,72,79,74,67,68,53,69,103,81,83,94,91,76,52,51,87,114,108,100,107,74,65,58,68,83,89,77,89,75,70,56,54,64,78,93,89,77,0
173,171,162,161,153,143,134,127,173,176,159,153,150,139,132,126,181,173,154,144,149,140,126,123,182,172,153,148,148,132,127,128,159,162,151,153,140,126,147,155,161,152,153,153,146,146,130,120,151,146,158,149,140,162,155,172,139,151,149,145,131,150,168,199,2
239,239,239,238,238,238,238,238,241,241,241,240,240,240,239,239,243,243,243,243,242,242,242,242,244,244,244,244,244,244,245,245,246,246,246,246,246,246,246,246,248,247,247,247,247,247,247,247,249,249,249,248,248,248,248,248,249,249,249,249,249,249,249,249,2
255,255,255,255,255,255,255,255,255,255,255,255,255,255,255,255,255,255,255,255,255,255,255,255,255,255,255,255,255,255,255,255,255,255,255,255,255,255,255,255,255,255,255,255,255,255,255,255,255,255,255,255,255,255,255,255,255,255,255,255,255,255,255,255,0
81,81,98,128,186,242,239,241,81,102,123,189,213,214,214,209,110,131,196,202,192,193,215,214,163,165,187,187,197,180,186,189,167,167,182,175,187,179,171,181,171,165,162,172,170,164,172,167,157,169,152,167,165,175,155,150,144,147,167,148,142,161,131,139,1
255,255,255,255,255,255,255,255,255,255,255,255,255,255,255,255,255,255,255,255,255,255,255,255,255,255,255,255,255,255,255,255,255,255,255,255,255,255,255,255,255,255,255,255,255,255,255,255,255,255,255,255,255,255,255,255,255,255,255,255,255,255,255,255,0
224,221,213,192,151,112,96,71,227,221,216,209,182,136,107,89,225,222,218,213,203,165,123,98,222,224,220,209,204,180,137,104,226,224,223,213,204,183,149,117,226,220,219,214,208,192,166,133,222,219,213,210,212,207,191,159,219,220,214,213,218,213,209,191,2
69,73,72,77,79,81,92,96,88,77,73,78,82,82,83,88,123,110,100,88,82,81,77,80,117,116,114,104,96,92,87,86,116,114,110,111,107,97,94,91,118,117,109,108,107,104,105,101,116,120,117,111,108,108,105,98,120,115,115,112,111,112,106,106,2
51,64,67,52,48,54,62,67,53,53,53,50,61,50,47,50,100,93,75,133,177,142,115,118,174,167,152,188,204,187,193,198,168,176,205,181,184,163,161,157,180,186,220,233,208,213,185,169,187,176,179,192,217,223,203,178,192,174,172,171,190,191,183,183,2
255,255,255,255,255,255,255,255,255,255,255,255,255,255,255,255,255,255,255,255,255,255,255,255,255,255,255,255,255,255,255,255,255,255,255,255,255,255,255,255,255,255,255,255,255,255,255,255,255,255,255,255,255,255,255,255,255,255,255,255,255,255,255,255,0
74,67,77,100,108,115,128,142,76,71,73,86,91,94,98,108,81,74,78,88,84,89,92,89,85,89,86,84,82,82,77,76,73,79,91,96,86,87,85,74,37,48,52,51,45,43,37,36,15,12,13,16,12,25,39,44,13,11,11,15,14,22,30,37,1
249,249,249,249,249,249,249,249,250,250,250,250,250,250,250,250,252,252,252,252,252,252,252,252,253,253,253,253,253,253,253,253,253,253,253,253,253,253,253,253,254,254,254,254,254,254,254,254,255,255,255,255,255,255,255,255,255,255,255,255,255,255,255,255,2
255,255,255,255,255,255,255,255,255,255,255,255,255,255,255,255,255,255,255,255,255,255,255,255,255,255,255,255,255,255,255,255,255,255,255,255,255,255,255,255,255,255,255,255,255,255,255,255,255,255,255,255,255,255,255,255,255,255,255,255,255,255,255,255,0
84,79,88,107,136,152,173,196,83,86,80,91,121,135,161,190,82,85,88,91,113,127,143,173,86,90,87,92,100,111,138,154,88,85,88,83,86,104,120,139,80,92,84,85,91,97,109,123,81,89,89,86,89,97,99,114,75,82,87,92,85,90,95,98,1
255,255,255,255,255,255,255,255,255,255,255,255,255,255,255,255,255,255,255,255,255,255,255,255,255,255,255,255,255,255,255,255,255,255,255,255,255,255,255,255,255,255,255,255,255,255,255,255,255,255,255,255,255,255,255,255,255,255,255,255,255,255,255,255,2
255,255,255,255,255,255,255,255,255,255,255,255,255,255,255,255,255,255,255,255,255,255,255,255,255,255,255,255,255,255,255,255,255,255,255,255,255,255,255,255,255,255,255,255,255,255,255,255,255,255,255,255,255,255,255,255,255,255,255,255,255,255,255,255,2
42,46,39,44,45,46,51,84,41,43,43,40,34,31,34,77,38,35,39,32,26,25,23,72,33,29,31,25,25,26,24,67,29,29,28,25,26,26,27,55,34,32,26,26,30,28,28,38,49,39,31,29,32,31,29,30,62,49,41,34,30,28,28,32,1
27,28,20,19,20,35,33,57,30,24,21,19,17,16,22,73,27,26,23,20,18,16,55,81,26,26,19,19,20,21,71,82,26,22,23,23,21,62,78,82,26,24,25,19,25,79,86,82,31,21,20,35,143,88,86,82,76,30,30,149,154,90,85,78,1
59,60,58,97,213,202,161,106,59,61,60,63,74,115,191,91,58,67,63,61,65,77,97,109,58,60,64,72,78,72,83,83,50,56,54,70,78,89,87,96,37,45,51,57,69,70,85,89,20,29,28,37,45,56,67,80,23,19,23,29,27,29,32,31,1
255,255,255,254,255,255,255,255,253,255,255,255,255,255,254,254,255,255,255,255,254,254,255,255,255,254,252,253,254,254,253,253,255,254,253,255,255,254,252,251,254,255,255,254,254,255,255,255,255,255,254,252,252,252,249,244,255,255,253,251,251,246,232,217,2
255,255,255,255,255,255,255,255,255,255,255,255,255,255,255,255,255,255,255,255,255,255,255,255,255,255,255,255,255,255,255,255,255,255,255,255,255,255,255,255,255,255,255,255,255,255,255,255,255,255,255,255,255,255,255,255,255,255,255,255,255,255,255,255,2
145,149,152,162,163,155,162,173,172,178,190,204,204,197,201,210,211,210,219,224,218,213,215,221,215,213,224,226,223,225,221,218,219,220,229,228,225,229,224,217,221,224,227,222,219,226,231,230,223,229,230,228,225,226,231,232,225,230,229,233,234,232,236,237,2
253,255,255,255,253,255,255,254,255,252,251,254,255,255,254,252,253,255,255,253,251,252,248,241,252,254,255,253,249,240,218,194,255,252,249,242,222,195,169,153,255,243,225,198,169,153,156,166,230,205,176,157,151,161,181,197,182,157,144,156,172,184,199,212,2
255,255,255,255,255,255,255,255,255,255,255,255,255,255,255,255,255,255,255,255,255,255,255,255,255,255,255,255,255,255,255,255,255,255,255,255,255,255,255,255,255,255,255,255,255,255,255,255,255,255,255,255,255,255,255,255,255,255,255,255,255,255,255,255,2
243,255,254,251,255,254,255,254,254,244,239,255,254,253,253,255,253,186,216,252,252,255,255,255,189,135,213,255,253,255,255,254,127,136,217,255,253,255,254,255,120,141,224,249,253,255,255,255,121,144,245,254,254,254,253,255,118,163,251,255,250,255,255,254,0
168,172,176,172,169,181,201,210,156,166,174,170,175,188,193,200,157,166,168,155,158,163,156,163,166,165,164,160,156,151,159,187,225,211,187,171,169,178,195,200,250,241,216,203,211,233,237,208,223,224,226,236,241,244,242,226,236,236,237,234,231,232,232,229,2
63,64,66,68,71,74,78,80,70,71,73,75,78,81,84,86,78,79,81,83,84,87,90,92,85,87,89,90,91,93,96,98,94,95,96,98,99,100,103,104,101,101,102,103,104,106,107,108,107,106,107,107,109,110,110,111,112,111,111,111,112,113,113,113,2
44,40,37,34,27,20,19,22,46,43,35,25,18,16,18,20,44,34,21,14,12,15,17,19,35,21,10,11,15,16,17,20,20,12,8,11,13,12,14,18,12,12,12,12,15,18,18,16,18,19,20,21,25,29,28,24,20,23,27,29,29,28,28,29,1
97,117,124,122,147,134,141,137,73,77,106,98,99,105,110,106,60,85,72,71,73,71,89,93,55,209,67,61,56,69,68,69,46,137,143,47,45,47,43,41,78,93,221,87,65,49,44,48,146,127,157,146,135,163,173,189,167,161,104,178,125,115,121,120,1
17,16,19,21,23,24,21,22,21,18,18,16,15,17,16,18,27,22,20,15,12,13,12,16,29,25,24,19,16,15,13,16,28,26,26,23,19,17,14,15,31,28,27,24,21,19,15,15,36,32,30,26,23,21,16,16,40,34,32,28,26,23,17,16,1
60,57,57,67,67,63,62,53,64,58,59,66,67,63,59,49,66,59,60,62,60,59,55,52,64,57,58,56,52,52,47,47,53,46,48,48,49,48,39,35,44,40,39,38,37,35,28,26,36,37,32,28,24,20,21,22,20,23,19,21,23,22,27,28,1
255,255,255,255,255,255,255,255,255,255,255,255,255,255,255,255,255,255,255,255,255,255,255,255,255,255,255,255,255,255,255,255,255,255,255,255,255,255,255,255,255,255,255,255,255,255,255,255,255,255,255,255,255,255,255,255,255,255,255,255,255,255,255,255,0
255,255,255,255,255,255,255,255,255,255,255,255,255,255,255,255,255,255,255,255,255,255,255,255,255,255,255,255,255,255,255,255,255,255,255,255,255,255,255,255,255,255,255,255,255,255,255,255,255,255,255,255,255,255,255,255,255,255,255,255,255,255,255,255,2
25,29,205,253,83,147,169,175,27,33,236,253,130,165,166,175,29,36,233,250,163,154,154,178,27,36,216,246,233,165,161,176,30,29,120,229,217,161,173,180,27,35,58,185,146,142,167,194,35,34,52,83,124,147,158,174,32,42,67,88,132,144,173,171,1
152,146,147,127,119,101,83,75,144,133,132,122,121,109,83,64,129,122,118,105,99,98,84,68,119,109,101,86,70,69,69,68,120,102,94,88,74,62,58,59,108,100,95,89,77,62,53,47,69,68,69,63,65,61,64,61,78,62,52,51,63,57,61,63,0
197,189,134,65,55,61,71,79,164,156,124,64,59,58,61,72,138,121,117,63,48,61,69,80,100,77,85,52,51,62,59,88,38,39,78,49,53,62,62,85,0,37,90,38,50,65,80,92,0,41,77,29,51,62,83,100,3,30,82,57,38,58,99,95,2
253,253,242,208,174,230,255,254,144,145,129,124,129,161,204,230,105,102,102,104,101,96,103,124,84,85,81,83,76,87,78,73,79,84,74,96,84,74,78,85,83,84,79,85,81,79,86,72,81,81,87,83,83,74,82,76,79,92,78,84,104,86,107,126,0
124,110,123,144,203,207,213,216,97,100,111,120,156,206,222,226,65,85,100,108,123,193,225,229,59,84,101,114,132,185,228,224,48,76,101,113,130,163,214,229,54,68,96,108,114,131,168,211,61,56,74,101,117,133,150,188,58,55,65,91,111,128,141,159,2
189,188,199,213,235,249,255,250,93,95,99,122,125,134,192,249,64,65,82,105,79,76,96,204,72,67,76,66,66,63,37,181,73,82,76,62,35,35,51,214,69,152,147,81,61,43,114,141,78,155,163,80,77,74,80,74,122,114,93,74,72,74,59,69,0
255,255,255,255,255,255,255,255,255,255,255,255,255,255,255,255,255,255,255,255,255,255,255,255,255,255,255,255,255,255,255,255,255,255,255,255,255,255,255,255,255,255,255,255,255,255,255,255,255,255,255,255,255,255,255,255,255,255,255,255,255,255,255,255,0
255,255,255,255,255,255,255,255,255,255,255,255,255,255,255,255,255,255,255,255,255,255,255,255,255,255,255,255,255,255,255,255,255,255,255,255,255,255,255,255,255,255,255,255,255,255,255,255,255,255,255,255,255,255,255,255,255,255,255,255,255,255,255,255,0
78,64,50,49,67,63,55,54,73,69,62,61,62,57,58,55,69,62,61,59,52,58,65,64,72,65,67,64,57,68,65,63,64,66,64,62,59,67,66,67,71,79,67,66,64,61,67,66,72,78,75,75,74,66,68,67,92,86,95,84,77,72,69,75,0
226,222,217,213,210,210,211,212,219,215,209,205,202,196,193,196,219,215,205,196,187,173,169,179,223,222,213,201,184,161,156,170,222,227,225,216,198,169,153,160,220,228,233,230,216,188,163,156,204,216,227,230,223,202,175,158,171,190,209,218,215,199,174,153,2
255,255,255,255,255,255,255,255,255,255,255,255,255,255,255,255,255,255,255,255,255,255,255,255,255,255,255,255,255,255,255,255,255,255,255,255,255,255,255,255,255,255,255,255,255,255,255,255,255,255,255,255,255,255,255,255,255,255,255,255,255,255,255,255,2
255,255,255,255,255,255,255,255,255,255,255,255,255,255,255,255,255,255,255,255,255,255,255,255,255,255,255,255,255,255,255,255,255,255,255,255,255,255,255,255,255,255,255,255,255,255,255,255,255,255,255,255,255,255,255,255,255,255,255,255,255,255,255,255,0
50,45,42,34,124,189,189,175,38,37,25,78,171,182,178,146,20,32,33,142,170,157,98,75,29,20,105,161,126,70,68,126,21,31,130,86,63,89,170,195,24,78,66,68,152,181,194,190,71,61,119,171,184,187,188,180,60,135,171,193,175,185,130,102,1
34,32,27,32,32,29,28,31,38,39,38,37,55,75,84,90,103,96,103,106,99,89,90,86,96,90,92,93,85,86,90,77,75,86,78,76,73,80,80,80,85,79,84,82,69,79,76,102,97,98,83,97,84,84,100,87,78,69,70,61,52,65,59,51,1
174,171,186,186,190,200,202,200,156,163,175,163,175,189,196,200,130,141,150,140,168,183,185,190,106,127,139,125,145,164,171,181,105,110,126,137,148,154,161,185,105,106,117,126,137,158,154,151,85,83,94,102,115,140,147,147,86,84,97,100,112,131,141,146,1
255,255,255,255,255,255,255,255,255,255,255,255,255,255,255,255,255,255,255,255,255,255,255,255,255,255,255,255,255,255,255,255,255,255,255,255,255,255,255,255,255,255,255,255,255,255,255,255,255,255,255,255,255,255,255,255,255,255,255,255,255,255,255,255,2
50,193,255,252,255,253,255,253,60,136,250,255,254,254,255,255,65,91,237,255,255,255,255,254,60,74,238,255,253,252,255,255,71,71,238,253,255,255,254,253,67,93,250,255,254,253,253,255,73,97,242,254,255,253,255,255,85,70,232,255,254,255,255,254,2
83,61,50,37,27,22,23,17,73,66,55,45,35,25,22,20,74,75,62,53,41,30,26,20,88,78,65,64,49,33,32,28,92,88,80,68,52,40,33,26,99,88,86,68,60,52,39,33,175,101,90,83,74,53,35,36,243,119,96,89,78,69,54,40,1
255,255,255,255,255,255,255,255,255,255,255,255,255,255,255,255,255,255,255,255,255,255,255,255,255,255,255,255,255,255,255,255,255,255,255,255,255,255,255,255,255,255,255,255,255,255,255,255,255,255,255,255,255,255,255,255,255,255,255,255,255,255,255,255,0
255,255,255,255,255,255,255,255,255,255,255,255,255,255,255,255,255,255,255,255,255,255,255,255,255,255,255,255,255,255,255,255,255,255,255,255,255,255,255,255,255,255,255,255,255,255,255,255,255,255,255,255,255,255,255,255,255,255,255,255,255,255,255,255,2
73,61,68,62,76,83,104,98,64,61,61,82,104,108,104,108,87,88,117,101,136,138,108,116,101,131,137,160,164,148,134,148,151,172,180,165,161,168,183,192,142,128,136,155,183,213,216,210,115,111,135,172,199,215,212,211,130,145,176,193,211,217,215,217,2
204,207,200,207,199,200,210,179,217,206,209,208,209,210,189,147,217,221,215,213,214,214,192,149,223,219,220,217,216,205,153,139,229,227,223,216,219,206,164,144,231,226,227,228,221,169,142,145,236,226,227,234,186,135,150,130,238,238,233,224,196,171,142,139,0
132,176,124,120,96,81,65,43,137,115,99,89,79,60,38,37,102,93,80,53,39,37,35,148,88,67,40,38,30,42,174,189,69,58,40,40,49,181,197,205,34,31,32,47,180,199,208,203,76,103,112,162,197,202,209,210,189,193,182,191,203,203,203,203,1
192,191,190,188,187,185,183,182,195,194,193,191,190,189,187,186,198,197,196,195,194,193,192,191,202,201,200,199,198,197,196,195,207,206,205,204,203,201,200,199,211,210,209,208,207,206,204,203,215,214,213,212,211,210,209,208,218,218,217,216,215,214,213,212,2
255,255,255,255,255,255,255,255,255,255,255,255,255,255,255,255,255,255,255,255,255,255,255,255,255,255,255,255,255,255,255,255,255,255,255,255,255,255,255,255,255,255,255,255,255,255,255,255,255,255,255,255,255,255,255,255,255,255,255,255,255,255,255,255,0
100,97,97,67,70,77,64,66,110,102,75,67,88,80,73,65,116,110,88,72,75,89,95,89,105,92,104,99,102,105,105,102,94,100,98,111,101,98,96,103,102,112,102,110,92,101,96,88,108,97,112,102,93,86,92,89,119,105,106,111,109,102,83,84,1
143,132,139,152,167,180,184,188,143,140,142,145,151,163,177,175,154,147,147,142,147,162,176,168,176,159,158,147,141,147,158,156,179,160,158,161,153,145,152,151,163,153,146,161,156,148,164,164,157,152,142,144,136,145,157,161,159,147,144,141,147,174,154,140,2
219,177,87,80,71,76,74,73,228,141,91,73,78,74,75,72,235,133,90,68,76,75,77,72,235,117,78,79,82,73,71,76,221,102,84,80,78,76,76,75,173,99,86,85,81,72,77,80,113,106,91,89,81,80,78,77,120,108,99,93,83,84,76,84,1
226,215,197,176,165,153,124,99,189,169,157,151,135,102,58,30,145,132,120,93,53,25,14,14,95,69,43,20,9,15,16,10,35,17,9,8,11,20,19,11,12,11,19,20,15,15,14,11,10,15,21,16,10,10,9,6,19,17,16,11,9,11,9,8,2
255,255,255,255,255,255,255,255,255,255,255,255,255,255,255,255,255,255,255,255,255,255,255,255,255,255,255,255,255,255,255,255,255,255,255,255,255,255,255,255,255,255,255,255,255,255,255,255,255,255,255,255,255,255,255,255,255,255,255,255,255,255,255,255,0
255,255,255,255,255,255,255,255,255,255,255,255,255,255,255,255,255,255,255,255,255,255,255,255,255,255,255,255,255,255,255,255,255,255,255,255,255,255,255,255,255,255,255,255,255,255,255,255,255,255,255,255,255,255,255,255,255,255,255,255,255,255,255,255,0
70,66,59,27,21,27,38,46,70,44,31,19,30,37,43,48,51,24,20,24,37,41,47,54,21,13,24,32,38,39,45,50,13,13,26,36,42,45,47,43,18,21,31,39,44,50,53,51,17,28,37,43,45,50,54,56,18,33,42,48,52,58,57,54,1
255,255,255,255,255,255,255,255,255,255,255,255,255,255,255,255,255,255,255,255,255,255,255,255,255,255,255,255,255,255,255,255,255,255,255,255,255,255,255,255,255,255,255,255,255,255,255,255,255,255,255,255,255,255,255,255,255,255,255,255,255,255,255,255,2
73,79,74,72,75,64,56,57,224,195,85,73,65,55,59,69,230,224,220,141,68,55,57,71,237,223,205,138,101,50,48,53,235,235,189,109,83,86,33,41,238,232,219,132,91,87,72,38,248,235,245,196,98,80,72,59,250,245,244,238,124,82,73,59,1
195,123,38,30,35,31,26,23,218,219,131,43,37,37,35,31,232,222,202,68,51,50,50,37,229,209,214,154,60,54,50,49,243,206,198,171,67,59,55,58,215,202,196,181,68,63,69,60,200,181,193,152,57,64,61,57,193,180,166,112,67,63,58,57,1
187,121,58,42,51,48,49,56,84,132,181,147,47,55,63,79,68,68,68,72,154,161,92,132,81,78,72,68,63,69,138,168,85,92,95,90,85,78,78,85,94,91,100,93,96,92,85,87,86,89,90,96,92,92,95,89,87,91,94,91,93,92,95,89,1
255,255,255,255,255,255,255,255,255,255,255,255,255,255,255,255,255,255,255,255,255,255,255,255,255,255,255,255,255,255,255,255,255,255,255,255,255,255,255,255,255,255,255,255,255,255,255,255,255,255,255,255,255,255,255,255,255,255,255,255,255,255,255,255,0
71,73,69,73,77,80,90,92,83,79,78,79,81,88,96,97,84,83,87,87,93,99,92,93,81,87,90,89,95,93,90,109,83,87,87,88,90,96,120,152,84,84,84,85,96,122,146,151,84,85,87,87,107,134,140,137,85,89,93,94,117,132,137,170,0
121,123,124,125,126,127,128,130,122,124,125,126,126,127,128,129,124,125,126,126,126,127,128,129,124,125,126,126,127,127,128,129,125,125,126,127,127,128,129,130,126,126,127,127,128,129,130,131,127,127,128,128,129,130,131,132,128,128,128,129,130,131,131,132,2
49,43,39,37,36,37,39,39,41,40,40,38,35,37,39,37,33,38,42,40,37,41,43,41,39,43,45,41,37,40,43,40,45,45,43,38,35,39,43,42,46,46,43,37,34,41,48,47,50,54,51,40,35,41,47,44,48,56,56,42,34,41,46,42,2
57,58,59,50,39,39,58,76,45,49,46,43,53,78,97,106,64,69,60,61,76,94,85,71,63,66,60,69,74,80,85,106,64,77,75,84,99,117,118,127,81,92,94,104,112,118,122,141,77,96,107,113,126,143,159,177,98,114,125,135,156,175,184,188,2
54,64,53,65,61,61,70,71,65,79,61,62,52,68,78,74,69,78,70,56,98,59,76,79,84,87,65,77,124,69,72,84,100,91,57,77,57,62,82,117,108,87,58,62,62,79,80,129,99,56,56,62,58,67,69,94,80,53,59,59,62,66,66,69,0
38,40,36,39,36,34,33,35,42,41,44,43,38,35,38,31,33,39,46,54,50,38,33,32,32,43,62,77,44,32,31,32,36,51,53,58,41,39,30,26,28,33,42,44,30,29,35,28,30,29,29,32,35,29,28,27,30,29,25,28,26,28,27,23,1
136,157,173,179,177,169,164,166,130,143,152,155,163,162,153,156,102,122,126,128,131,137,145,130,90,106,112,111,115,114,108,112,78,92,94,97,94,95,102,85,67,66,71,73,79,79,73,81,60,59,63,63,60,63,65,62,60,53,61,59,58,60,52,56,1
255,255,255,255,255,255,255,255,255,255,255,255,255,255,255,255,255,255,255,255,255,255,255,255,255,255,255,255,255,255,255,255,255,255,255,255,255,255,255,255,255,255,255,255,255,255,255,255,255,255,255,255,255,255,255,255,255,255,255,255,255,255,255,255,2
255,255,255,255,255,255,255,255,255,255,255,255,255,255,255,255,255,255,255,255,255,255,255,255,255,255,255,255,255,255,255,255,255,255,255,255,255,255,255,255,255,255,255,255,255,255,255,255,255,255,255,255,255,255,255,255,255,255,255,255,255,255,255,255,0
255,255,255,255,255,254,254,255,255,255,254,254,254,255,255,255,252,251,250,251,252,252,252,252,232,231,230,231,233,236,239,241,200,198,196,196,200,206,215,220,189,189,189,191,194,198,203,208,209,210,212,214,215,215,215,216,226,225,224,225,227,227,227,228,2
52,62,68,55,58,72,67,62,53,44,44,53,56,55,56,60,48,51,50,53,54,63,73,58,45,44,46,53,58,73,79,56,45,44,51,52,55,70,70,53,49,44,51,55,65,74,64,61,47,51,52,55,89,110,85,66,42,45,47,64,102,106,74,66,0
254,254,255,254,255,253,255,254,253,255,253,255,255,248,254,254,224,192,146,162,164,171,181,199,124,111,86,100,98,112,112,112,101,81,88,92,89,80,86,83,115,77,81,88,90,76,80,82,95,88,84,77,81,98,104,96,102,92,79,72,79,87,105,113,0
154,147,137,123,113,101,82,75,171,153,145,136,122,111,95,81,205,170,150,143,131,118,105,99,237,201,162,143,138,129,116,114,250,233,195,158,143,139,129,116,252,250,232,193,152,137,133,119,254,254,250,229,186,152,138,128,254,255,251,248,228,187,152,132,2
196,157,145,162,163,165,156,141,201,162,147,162,167,177,183,157,200,190,183,195,190,191,196,180,196,201,186,182,176,174,157,163,185,188,178,152,150,149,122,139,177,168,169,131,126,135,130,149,163,153,168,168,172,186,190,197,175,169,179,210,208,215,215,218,2
143,129,123,120,120,122,122,121,135,123,117,114,113,115,114,113,129,119,115,113,110,109,106,105,122,115,112,109,106,102,96,96,118,112,109,105,101,96,90,92,118,113,107,101,96,90,87,91,116,111,105,96,90,83,79,85,115,112,106,96,89,80,74,79,2
206,206,205,204,204,204,204,204,220,220,219,217,216,216,215,214,229,229,228,226,225,224,222,220,236,236,235,233,232,231,228,226,242,242,241,239,238,237,234,231,246,246,244,242,241,239,236,233,252,251,249,247,245,244,241,238,254,253,251,249,248,246,243,240,0
32,143,164,75,58,58,52,52,93,176,149,62,55,61,62,42,152,180,115,68,63,64,46,41,180,176,100,65,71,55,43,42,190,193,96,72,68,44,45,38,197,201,88,75,54,43,37,41,200,201,90,53,44,42,42,43,197,204,85,58,50,42,45,37,1
201,202,203,204,205,207,208,210,202,203,204,205,206,207,209,210,203,204,205,206,207,208,210,211,205,206,207,208,209,210,211,212,207,208,209,210,210,211,212,213,209,209,211,211,212,213,213,214,210,211,212,213,214,214,215,215,211,212,213,214,215,215,215,216,2
241,239,238,238,238,240,243,247,235,231,227,228,232,237,242,245,228,221,215,217,225,232,237,239,214,208,206,212,223,231,233,233,193,192,197,210,225,233,233,231,180,182,190,206,222,230,229,227,177,177,184,198,212,220,220,217,176,174,177,188,202,210,211,209,2
255,254,254,255,255,255,255,255,255,255,255,255,255,255,255,255,252,254,255,255,254,255,255,255,246,251,255,255,254,255,255,255,240,247,253,255,255,255,255,254,236,243,250,254,255,255,255,254,231,237,245,251,254,255,255,255,228,232,240,248,253,254,255,255,2
255,255,255,255,255,255,255,255,255,255,255,255,255,255,255,255,255,255,255,255,255,255,255,255,255,255,255,255,255,255,255,255,255,255,255,255,255,255,255,255,255,255,255,255,255,255,255,255,255,255,255,255,255,255,255,255,255,255,255,255,255,255,255,255,0
60,66,73,80,48,45,46,41,49,53,64,70,46,45,49,41,39,51,57,59,52,45,42,39,32,39,50,59,53,49,48,43,32,44,45,52,53,46,38,44,29,31,35,47,41,43,46,46,31,33,34,37,37,39,43,41,33,30,36,35,35,39,49,37,1
130,133,136,137,135,138,135,142,123,125,131,139,141,142,138,144,123,124,135,151,155,152,150,160,132,130,137,154,164,168,176,191,146,149,150,153,167,184,202,213,166,184,187,174,177,194,213,216,171,196,205,191,188,197,213,214,158,176,186,185,190,197,214,218,2
75,72,71,67,68,70,73,78,80,72,69,72,70,76,119,125,80,70,67,67,70,68,120,210,64,76,69,78,69,75,71,145,60,63,64,63,65,69,86,61,63,68,72,55,64,73,61,68,62,69,68,63,65,61,69,65,55,60,60,64,65,68,69,61,0
255,255,255,255,255,255,255,255,255,255,255,255,255,255,255,255,255,255,255,255,255,255,255,255,255,255,255,255,255,255,255,255,255,255,255,255,255,255,255,255,255,255,255,255,255,255,255,255,255,255,255,255,255,255,255,255,255,255,255,255,255,255,255,255,2
241,240,240,239,239,239,240,240,241,240,240,240,241,241,242,242,242,242,242,242,243,243,244,244,244,244,244,244,244,244,245,245,246,246,246,246,246,245,245,245,247,247,247,247,247,247,247,247,248,248,248,248,248,248,248,248,249,249,249,249,249,249,249,249,2
255,255,255,255,255,255,255,255,255,255,255,255,255,255,255,255,255,255,255,255,255,255,255,255,255,255,255,255,255,255,255,255,255,255,255,255,255,255,255,255,255,255,255,255,255,255,255,255,255,255,255,255,255,255,255,255,255,255,255,255,255,255,255,255,2
255,255,255,255,255,255,255,255,255,255,255,255,255,255,255,255,255,255,255,255,255,255,255,255,255,255,255,255,255,255,255,255,255,255,255,255,255,255,255,255,255,255,255,255,255,255,255,255,255,255,255,255,255,255,255,255,255,255,255,255,255,255,255,255,2
237,227,228,233,228,222,218,212,234,223,212,203,204,216,217,220,238,230,213,191,187,204,208,221,239,236,223,214,212,220,214,218,222,231,231,234,230,231,229,223,189,215,233,242,240,238,245,238,185,208,227,237,247,238,235,225,173,185,199,204,223,218,221,230,2
206,206,205,204,204,203,201,200,209,208,207,206,205,204,203,202,212,211,210,209,208,207,206,205,215,214,213,213,212,211,210,209,217,217,216,215,215,214,213,212,219,218,217,216,215,214,213,212,221,220,219,218,217,216,215,214,223,222,222,221,220,220,219,218,2
56,63,69,68,73,92,96,103,48,52,61,57,61,76,90,108,42,42,51,52,60,66,78,95,41,35,37,40,51,60,72,88,45,42,40,44,49,59,71,86,37,41,43,49,49,54,58,67,36,40,42,48,51,53,57,63,39,42,46,48,52,48,55,60,1
99,114,98,105,114,129,110,134,99,95,96,109,106,118,134,108,95,98,96,90,104,111,119,112,90,90,101,104,109,117,107,120,99,79,95,110,93,108,108,121,103,86,101,102,93,107,108,133,79,76,99,102,103,106,104,121,78,84,81,93,102,92,106,107,1
38,40,37,35,37,31,62,34,36,35,34,38,36,42,47,101,40,58,53,53,56,63,85,143,58,43,43,44,50,67,124,177,43,43,47,55,66,107,164,179,44,45,53,61,90,118,132,144,45,55,57,79,125,121,133,139,47,50,60,79,112,111,121,140,1
98,91,94,112,120,129,103,102,93,90,97,109,129,132,110,118,100,82,98,114,130,145,126,120,124,148,123,118,131,142,134,127,139,194,176,131,127,137,127,143,144,171,173,144,129,127,134,140,160,144,143,129,129,129,127,140,159,144,127,124,122,126,130,135,2
255,255,255,255,255,255,255,255,255,255,255,255,255,255,255,255,255,255,255,255,255,255,255,255,255,255,255,255,255,255,255,255,255,255,255,255,255,255,255,255,255,255,255,255,255,255,255,255,255,255,255,255,255,255,255,255,255,255,255,255,255,255,255,255,2
221,212,211,209,206,182,153,141,210,194,195,198,195,176,155,142,205,189,190,193,191,180,166,151,217,211,210,204,199,193,184,169,228,230,227,216,212,205,201,194,231,232,226,217,212,202,202,204,225,220,214,209,203,192,193,192,207,201,200,200,197,192,196,188,2
180,181,180,171,174,189,193,192,214,217,215,203,203,215,217,214,216,219,220,213,212,218,217,214,220,220,221,221,222,224,224,224,223,222,220,221,224,227,229,228,223,227,226,225,228,232,232,226,231,234,233,236,236,233,231,225,238,234,229,234,232,222,221,222,2
165,157,160,181,169,160,172,174,168,161,163,183,173,159,162,163,179,161,163,161,156,157,148,157,165,170,161,156,153,152,155,152,163,169,158,147,146,150,157,151,189,179,182,162,148,146,141,147,190,192,201,206,189,168,172,167,176,160,166,197,217,223,236,222,2
199,190,189,193,197,166,158,168,202,209,227,209,206,172,170,191,203,203,207,194,189,166,181,186,181,193,180,180,176,163,177,193,175,169,160,161,147,157,169,181,141,139,126,126,135,154,170,180,83,75,76,104,133,155,165,147,46,47,72,101,119,126,113,106,1
200,191,201,206,195,197,204,197,202,195,195,200,201,202,199,190,213,209,195,189,195,199,196,198,206,207,196,188,197,201,200,204,208,204,193,187,195,201,200,198,214,210,204,201,201,200,193,183,222,219,215,209,205,205,204,201,221,223,222,220,218,217,215,215,2
156,146,147,147,139,137,135,137,156,149,146,139,144,145,144,145,157,144,142,141,152,142,141,150,158,142,141,148,153,134,132,144,163,155,152,153,147,137,130,124,166,164,164,168,172,176,163,137,174,173,168,172,190,196,178,142,178,179,168,165,195,207,192,156,2
217,223,221,214,221,229,228,214,192,214,210,216,225,214,207,208,190,223,229,219,198,182,184,197,192,206,218,200,181,176,171,177,176,179,191,179,171,164,176,199,186,172,168,163,162,159,195,212,182,168,161,159,158,160,191,192,172,165,157,153,160,161,169,173,2
30,25,26,22,27,24,23,22,76,26,25,31,23,28,24,33,92,69,31,26,25,31,33,53,75,90,40,29,39,56,72,70,35,74,67,62,69,73,72,71,56,62,70,74,70,72,73,65,69,74,72,74,72,68,72,75,78,69,71,75,69,73,74,72,1
94,59,39,39,41,47,109,252,54,141,26,30,42,43,58,223,44,187,32,26,29,29,41,122,44,127,45,24,24,26,30,39,41,56,122,22,26,29,37,41,36,49,180,39,31,30,40,35,25,47,101,64,32,42,42,48,25,44,56,128,48,49,44,46,1
255,255,255,255,255,255,255,255,255,255,255,255,255,255,255,255,255,255,255,255,255,255,255,255,255,255,255,255,255,255,255,255,255,255,255,255,255,255,255,255,255,255,255,255,255,255,255,255,255,255,255,255,255,255,255,255,255,255,255,255,255,255,255,255,0
138,142,153,171,202,230,243,250,120,135,144,160,187,214,234,246,100,121,132,150,177,201,226,239,98,106,120,144,171,195,219,234,109,94,109,136,157,181,205,227,111,86,100,126,143,163,185,215,111,90,97,117,133,146,168,200,119,102,96,110,127,136,158,191,2
68,68,66,68,69,63,64,63,69,68,69,72,70,81,70,64,65,64,72,73,81,92,88,78,67,69,66,69,71,69,78,79,62,68,62,92,89,78,65,73,71,70,67,84,78,75,84,121,61,66,75,70,66,82,147,207,59,66,65,70,77,115,193,234,0
141,85,140,162,68,57,57,52,139,144,138,137,96,65,54,44,135,107,98,105,108,71,24,21,110,45,36,38,20,16,19,12,44,47,34,22,12,12,18,16,24,39,34,19,13,19,15,17,22,38,34,22,16,16,15,17,23,22,29,20,14,15,15,29,1
142,71,49,43,43,47,45,45,154,133,65,51,41,42,53,45,152,136,113,50,42,43,41,41,128,133,115,72,51,45,39,44,136,121,114,101,41,47,42,41,129,120,118,101,47,39,41,40,112,111,115,92,45,44,44,42,112,114,107,65,45,43,35,37,1
155,154,153,151,150,147,145,143,158,157,155,154,153,152,149,147,161,159,158,157,156,155,153,152,163,162,160,159,158,157,155,154,168,166,164,162,161,159,157,156,172,170,168,166,164,163,160,159,175,174,172,170,169,167,165,163,177,176,174,173,172,170,168,167,2
119,196,254,253,254,255,255,254,145,239,253,250,253,253,255,255,216,250,252,255,253,253,255,252,253,255,250,250,250,255,252,255,128,204,248,255,255,250,253,255,77,106,157,239,251,255,252,251,69,68,87,125,209,253,255,255,60,58,62,68,79,196,252,254,0
51,49,59,49,51,47,54,51,54,54,58,54,55,55,53,49,63,59,66,53,65,57,60,54,56,61,62,58,57,57,53,55,59,67,67,67,61,64,56,60,66,67,68,63,63,63,61,61,56,56,53,52,46,54,51,51,53,52,62,54,56,52,56,50,1
255,255,255,255,255,255,255,255,255,255,255,255,255,255,255,255,255,255,255,255,255,255,255,255,255,255,255,255,255,255,255,255,255,255,255,255,255,255,255,255,255,255,255,255,255,255,255,255,255,255,255,255,255,255,255,255,255,255,255,255,255,255,255,255,0
80,75,79,81,80,77,78,67,78,76,79,75,73,79,75,69,126,122,124,142,118,83,72,65,139,156,149,153,153,146,154,158,188,178,181,175,173,174,175,182,193,187,198,193,189,193,198,191,202,216,208,205,207,200,203,203,222,213,214,221,210,215,225,221,1
217,200,206,207,201,208,201,203,205,204,201,206,204,195,191,199,211,210,201,199,198,196,198,216,201,210,205,212,206,196,197,195,208,205,209,205,201,205,197,209,208,211,207,204,204,197,187,203,202,205,214,210,213,212,188,199,212,213,217,213,212,220,205,196,1
255,255,255,255,255,255,255,255,255,255,255,255,255,255,255,255,255,255,255,255,255,255,255,255,255,255,255,255,255,255,255,255,255,255,255,255,255,255,255,255,255,255,255,255,255,255,255,255,255,255,255,255,255,255,255,255,255,255,255,255,255,255,255,255,2
255,255,255,255,255,255,255,255,255,255,255,255,255,255,255,255,255,255,255,255,255,255,255,255,255,255,255,255,255,255,255,255,255,255,255,255,255,255,255,255,255,255,255,255,255,255,255,255,255,255,255,255,255,255,255,255,255,255,255,255,255,255,255,255,2
214,212,211,210,208,206,204,203,218,216,215,214,212,209,208,207,221,219,217,216,215,213,211,211,222,220,218,218,217,215,215,215,223,222,221,220,219,218,218,218,226,225,224,223,222,221,220,220,228,227,226,226,226,224,223,223,230,229,229,229,229,227,226,226,2
93,88,93,89,88,103,109,57,89,91,95,92,93,88,113,82,92,94,92,94,85,93,86,129,92,93,91,93,99,87,94,90,94,95,94,90,86,90,89,89,99,87,90,93,95,90,93,91,110,102,98,88,95,85,85,93,149,101,98,96,90,93,91,94,1
34,22,53,67,84,83,73,63,35,24,49,72,85,84,81,66,36,23,36,69,81,80,82,69,35,19,23,54,77,82,87,79,33,19,18,35,68,85,87,81,27,21,21,22,53,80,82,73,26,22,23,21,36,66,74,67,34,25,24,24,20,43,56,54,1
255,255,255,246,141,83,111,90,255,253,255,196,85,106,109,87,255,255,223,128,103,120,116,115,254,203,117,97,87,100,103,108,154,109,111,93,86,85,137,102,87,89,80,76,71,71,76,74,104,99,89,105,86,80,81,75,111,105,106,130,113,74,78,102,0
255,255,255,255,255,255,255,255,255,255,255,255,255,255,255,255,255,255,255,255,255,255,255,255,255,255,255,255,255,255,255,255,255,255,255,255,255,255,255,255,255,255,255,255,255,255,255,255,255,255,255,255,255,255,255,255,255,255,255,255,255,255,255,255,2
255,255,255,255,255,255,255,255,255,255,255,255,255,255,255,255,255,255,255,255,255,255,255,255,255,255,255,255,255,255,255,255,255,255,255,255,255,255,255,255,255,255,255,255,255,255,255,255,255,255,255,255,255,255,255,255,255,255,255,255,255,255,255,255,2
125,122,125,132,135,137,136,131,132,127,129,135,137,138,136,131,142,136,134,137,138,136,131,126,151,146,140,138,137,135,128,121,155,153,146,139,138,137,131,123,155,156,149,141,139,137,131,125,148,151,147,142,139,135,130,129,140,143,142,141,140,135,131,134,2
235,236,237,237,237,237,238,239,235,236,237,237,237,238,239,240,237,237,238,238,238,239,240,240,238,238,239,239,239,240,240,241,239,240,240,240,240,241,241,242,241,241,241,241,242,242,242,243,242,242,242,242,243,243,243,244,243,243,243,243,243,244,244,244,2
255,255,255,255,255,255,255,255,255,255,255,255,255,255,255,255,255,255,255,255,255,255,255,255,255,255,255,255,255,255,255,255,255,255,255,255,255,255,255,255,255,255,255,255,255,255,255,255,255,255,255,255,255,255,255,255,255,255,255,255,255,255,255,255,2
255,255,255,255,255,255,255,255,255,255,255,255,255,255,255,255,255,255,255,255,255,255,255,255,255,255,255,255,255,255,255,255,255,255,255,255,255,255,255,255,255,255,255,255,255,255,255,255,255,255,255,255,255,255,255,255,255,255,255,255,255,255,255,255,2
255,255,255,255,255,255,255,255,255,255,255,255,255,255,255,255,255,255,255,255,255,255,255,255,255,255,255,255,255,255,255,255,255,255,255,255,255,255,255,255,255,255,255,255,255,255,255,255,255,255,255,255,255,255,255,255,255,255,255,255,255,255,255,255,2
255,255,255,255,255,255,255,255,255,255,255,255,255,255,255,255,255,255,255,255,255,255,255,255,255,255,255,255,255,255,255,255,255,255,255,255,255,255,255,255,255,255,255,255,255,255,255,255,255,255,255,255,255,255,255,255,255,255,255,255,255,255,255,255,0
234,230,229,222,137,55,53,57,248,236,238,239,226,169,58,55,240,240,240,242,238,235,149,57,240,252,250,246,242,240,238,81,238,244,255,254,245,244,224,205,236,237,251,254,247,238,235,220,234,238,229,245,251,234,232,222,221,229,229,229,237,233,230,228,1
255,255,255,255,255,255,255,255,255,255,255,255,255,255,255,255,255,255,255,255,255,255,255,255,255,255,255,255,255,255,255,255,255,255,255,255,255,255,255,255,255,255,255,255,255,255,255,255,255,255,255,255,255,255,255,255,255,255,255,255,255,255,255,255,2
152,247,241,252,248,144,47,34,75,242,243,247,255,230,66,40,52,152,243,240,252,254,195,46,33,81,240,243,248,250,246,88,29,59,169,238,246,255,250,210,36,40,81,225,242,248,251,253,31,30,68,145,248,245,254,252,37,33,52,81,223,252,249,253,1
255,255,255,255,255,255,255,255,255,255,255,255,255,255,255,255,255,255,255,255,255,255,255,255,255,255,255,255,255,255,255,255,255,255,255,255,255,255,255,255,255,255,255,255,255,255,255,255,255,255,255,255,255,255,255,255,255,255,255,255,255,255,255,255,0
188,180,195,216,223,226,223,231,179,162,197,224,223,228,225,228,153,169,209,226,221,222,224,231,148,186,206,220,220,223,226,226,177,199,205,206,186,201,226,231,183,195,207,205,188,215,230,231,188,208,217,207,206,222,226,233,186,197,195,198,223,227,226,229,2
255,255,255,255,255,255,255,255,255,255,255,255,255,255,255,255,255,255,255,255,255,255,255,255,255,255,255,255,255,255,255,255,255,255,255,255,255,255,255,255,255,255,255,255,255,255,255,255,255,255,255,255,255,255,255,255,255,255,255,255,255,255,255,255,2
251,242,242,234,169,87,77,68,245,241,235,224,211,110,77,83,228,241,228,235,221,144,93,75,224,228,237,230,219,192,101,85,221,209,216,235,224,227,122,90,196,203,221,218,229,213,154,99,195,201,201,212,215,205,200,98,183,178,200,212,215,206,197,115,1
255,255,255,255,255,255,255,255,255,255,255,255,255,255,255,255,255,255,255,255,255,255,255,255,255,255,255,255,255,255,255,255,255,255,255,255,255,255,255,255,255,255,255,255,255,255,255,255,255,255,255,255,255,255,255,255,255,255,255,255,255,255,255,255,0
67,69,69,68,69,74,77,95,65,64,62,64,65,69,73,87,69,65,60,64,63,64,69,76,64,63,57,63,62,65,72,73,58,60,55,59,58,63,69,69,56,59,57,58,58,63,66,67,54,57,58,61,65,70,71,79,57,58,60,65,71,75,73,86,0
255,255,255,255,255,255,255,255,255,255,255,255,255,255,255,255,255,255,255,255,255,255,255,255,255,255,255,255,255,255,255,255,255,255,255,255,255,255,255,255,255,255,255,255,255,255,255,255,255,255,255,255,255,255,255,255,255,255,255,255,255,255,255,255,2
255,255,255,255,255,255,255,255,255,255,255,255,255,255,255,255,255,255,255,255,255,255,255,255,255,255,255,255,255,255,255,255,255,255,255,255,255,255,255,255,255,255,255,255,255,255,255,255,255,255,255,255,255,255,255,255,255,255,255,255,255,255,255,255,2
255,255,255,255,255,255,255,255,255,255,255,255,255,255,255,255,255,255,255,255,255,255,255,255,255,255,255,255,255,255,255,255,255,255,255,255,255,255,255,255,255,255,255,255,255,255,255,255,255,255,255,255,255,255,255,255,255,255,255,255,255,255,255,255,2
39,39,93,90,43,53,59,37,41,36,73,85,46,40,45,55,42,42,70,87,46,42,46,42,52,56,60,77,61,47,44,44,50,53,53,78,81,53,46,44,49,49,52,74,79,51,53,42,40,47,48,73,90,48,41,40,40,40,43,68,79,47,49,42,1
255,255,255,255,255,255,255,255,255,255,255,255,255,255,255,255,255,255,255,255,255,255,255,255,255,255,255,255,255,255,255,255,255,255,255,255,255,255,255,255,255,255,255,255,255,255,255,255,255,255,255,255,255,255,255,255,255,255,255,255,255,255,255,255,2
63,154,117,90,103,91,76,67,68,112,99,96,95,85,78,70,84,79,86,104,89,73,69,71,77,74,87,92,79,76,71,70,65,73,80,78,72,77,73,70,68,66,69,74,73,72,72,71,65,66,69,68,71,75,74,70,68,69,70,68,72,70,66,70,0
200,179,218,206,199,203,198,187,206,198,200,211,191,198,201,183,223,188,198,204,202,190,195,187,215,195,198,199,201,194,200,201,186,183,188,194,201,191,170,168,197,187,196,168,160,173,182,154,178,205,187,181,179,164,165,165,194,198,176,185,194,179,152,162,1
34,34,29,28,90,174,55,47,34,30,30,36,133,165,247,252,30,36,24,29,81,117,241,239,36,26,31,32,81,190,163,74,34,27,27,65,85,173,117,20,40,35,68,83,78,74,20,21,57,70,80,94,44,21,19,13,82,81,85,42,19,20,17,16,1
255,255,255,255,255,255,255,255,255,255,255,255,255,255,255,255,255,255,255,255,255,255,255,255,255,255,255,255,255,255,255,255,255,255,255,255,255,255,255,255,255,255,255,255,255,255,255,255,255,255,255,255,255,255,255,255,255,255,255,255,255,255,255,255,2
255,255,255,255,255,255,255,255,255,255,255,255,255,255,255,255,255,255,255,255,255,255,255,255,255,255,255,255,255,255,255,255,255,255,255,255,255,255,255,255,255,255,255,255,255,255,255,255,255,255,255,255,255,255,255,255,255,255,255,255,255,255,255,255,2
251,251,249,246,241,236,230,224,251,249,246,242,237,231,224,218,250,247,242,237,231,225,217,211,246,243,237,231,225,219,213,209,242,237,231,224,219,214,210,208,238,232,226,220,215,211,209,208,233,227,220,216,214,211,209,208,229,222,215,213,213,211,209,207,2
255,255,255,255,255,255,255,255,255,255,255,255,255,255,255,255,255,255,255,255,255,255,255,255,255,255,255,255,255,255,255,255,255,255,255,255,255,255,255,255,255,255,255,255,255,255,255,255,255,255,255,255,255,255,255,255,255,255,255,255,255,255,255,255,0
28,24,28,24,18,38,52,63,28,25,27,26,21,25,33,56,29,27,27,29,27,21,21,47,26,27,24,24,28,23,18,30,28,27,25,23,26,25,20,18,31,28,29,27,27,25,25,20,30,28,29,27,28,24,26,24,32,32,31,26,30,25,26,25,1
243,244,244,244,244,244,244,244,245,245,245,245,245,245,245,245,246,246,246,246,245,245,245,245,248,248,247,247,247,247,246,246,249,249,249,249,249,249,249,249,249,249,249,249,249,249,249,249,250,250,250,250,250,250,250,250,252,252,251,251,251,251,251,251,2
245,245,245,245,245,245,245,245,245,245,245,245,245,245,245,245,245,245,245,245,245,245,245,245,246,246,246,246,246,246,246,246,247,247,247,247,247,247,247,247,248,248,248,248,248,248,248,248,249,249,249,249,249,249,249,249,249,249,249,249,249,249,249,249,2
209,169,126,76,59,57,59,55,139,92,50,40,53,73,70,65,44,46,53,57,50,57,63,81,41,45,53,51,58,68,81,97,46,52,66,71,83,89,102,124,68,75,90,100,104,105,124,164,81,89,100,101,115,126,148,183,84,110,133,118,141,156,184,204,2
201,167,147,137,134,138,123,116,189,171,151,131,133,125,111,179,196,241,189,135,114,104,134,153,221,216,140,123,101,99,113,142,231,160,133,114,91,78,77,122,218,143,108,90,72,72,72,73,153,128,104,72,67,57,65,65,144,104,69,65,60,61,62,61,1
71,70,68,67,67,67,67,67,66,65,64,63,62,62,61,61,72,71,70,69,69,68,67,66,84,83,81,80,79,78,77,76,95,93,92,90,89,89,88,88,106,104,103,101,101,100,100,99,115,114,113,112,111,111,110,110,124,123,123,122,122,121,120,120,2
254,255,231,156,123,56,43,128,251,255,255,124,60,63,167,169,253,255,249,137,60,175,167,178,230,253,255,201,171,151,143,157,146,255,255,233,164,128,141,150,91,245,254,234,150,122,115,128,71,191,173,168,132,105,98,93,60,162,109,120,127,109,100,90,1
250,250,250,250,250,250,250,250,251,251,251,251,251,251,251,251,253,253,253,253,253,253,253,253,253,253,253,253,253,253,253,253,253,253,253,253,253,253,253,253,254,254,254,254,254,254,254,254,255,255,255,255,255,255,255,255,255,255,255,255,255,255,255,255,2
255,255,255,255,255,255,255,255,255,255,255,255,255,255,255,255,255,255,255,255,255,255,255,255,255,255,255,255,255,255,255,255,255,255,255,255,255,255,255,255,255,255,255,255,255,255,255,255,255,255,255,255,255,255,255,255,255,255,255,255,255,255,255,255,0
255,255,255,255,255,255,255,255,255,255,255,255,255,255,255,255,255,255,255,255,255,255,255,255,255,255,255,255,255,255,255,255,255,255,255,255,255,255,255,255,255,255,255,255,255,255,255,255,255,255,255,255,255,255,255,255,255,255,255,255,255,255,255,255,2
210,227,243,239,245,234,190,89,199,216,242,243,240,239,224,120,191,200,230,239,241,238,237,165,215,210,229,233,239,237,233,206,200,208,226,234,239,241,231,214,198,222,222,228,234,235,229,217,189,214,214,223,233,232,224,207,192,199,213,217,219,229,223,187,1
64,36,26,31,29,33,32,36,81,64,31,32,29,27,31,31,104,81,49,26,30,30,27,25,132,89,75,30,27,26,25,26,182,109,85,42,26,21,25,22,226,136,94,58,21,21,18,24,231,172,120,80,24,19,18,31,225,205,133,95,43,22,31,24,1
31,14,12,16,25,34,43,45,25,15,11,15,18,31,39,39,24,20,12,15,13,33,41,41,32,24,12,13,11,30,42,46,45,29,15,13,14,24,41,46,46,30,18,15,16,18,38,43,39,30,22,15,14,14,35,38,40,38,31,20,14,16,37,38,1
64,164,209,221,218,217,202,166,19,30,36,75,83,43,49,36,96,73,52,34,62,72,36,34,191,177,144,73,59,56,66,56,171,189,216,188,129,61,40,67,85,90,126,193,219,180,55,25,65,66,72,99,177,197,93,36,65,63,68,58,88,162,144,41,1
27,26,27,25,22,21,20,24,29,26,26,24,22,21,20,24,30,26,26,24,22,22,21,25,27,25,26,23,22,23,23,26,26,25,26,23,21,22,22,25,27,27,28,24,21,21,21,24,30,28,28,23,20,20,19,21,30,28,26,20,18,18,17,19,1
27,23,21,16,14,16,19,29,24,20,17,14,15,17,17,24,24,19,17,15,18,18,15,17,20,18,16,16,19,19,15,15,17,18,16,16,18,18,18,19,33,33,27,24,21,18,19,20,53,53,44,38,33,26,23,20,58,59,52,49,44,36,30,24,1
75,70,74,91,108,121,144,170,60,61,65,76,92,109,125,137,43,47,51,58,71,87,104,118,56,49,45,51,59,66,82,100,75,64,53,52,55,58,67,79,70,74,69,56,49,53,63,72,63,74,75,63,52,51,55,59,65,63,63,68,69,59,46,39,2
58,67,95,111,117,138,145,163,53,61,83,93,106,123,133,155,55,55,55,73,92,123,121,141,49,51,58,59,71,90,105,130,54,51,48,57,54,80,90,111,55,48,54,51,54,65,81,94,53,51,52,49,47,53,58,70,48,48,51,43,49,44,48,58,1
255,255,255,255,255,255,255,255,255,255,255,255,255,255,255,255,255,255,255,255,255,255,255,255,255,255,255,255,255,255,255,255,255,255,255,255,255,255,255,255,255,255,255,255,255,255,255,255,255,255,255,255,255,255,255,255,255,255,255,255,255,255,255,255,0
194,192,205,206,222,231,248,255,193,192,201,207,220,224,244,255,200,198,202,209,218,228,250,251,196,201,211,218,221,225,243,255,185,202,209,207,228,235,233,250,185,192,213,210,214,226,237,250,189,190,196,196,217,213,216,243,176,180,197,190,194,199,213,208,1
67,63,64,66,61,62,65,59,68,62,65,70,67,64,65,65,64,67,74,71,66,67,67,72,60,69,80,71,64,66,68,82,63,66,76,73,68,63,65,86,69,70,75,73,71,66,63,72,74,78,78,73,71,70,63,57,77,79,76,75,73,70,64,57,2
94,133,101,184,254,254,254,254,86,136,89,85,205,252,250,252,81,128,95,73,117,225,251,248,83,131,95,71,76,162,249,255,80,128,99,76,68,91,214,204,92,126,97,77,74,89,119,118,93,141,86,77,74,81,83,81,87,136,91,75,77,97,76,71,0
255,255,255,255,255,255,255,255,255,255,255,255,255,255,255,255,255,255,255,255,255,255,255,255,255,255,255,255,255,255,255,255,255,255,255,255,255,255,255,255,255,255,255,255,255,255,255,255,255,255,255,255,255,255,255,255,255,255,255,255,255,255,255,255,2
139,165,143,73,60,57,117,250,122,126,94,60,47,40,45,88,87,96,68,44,33,41,41,48,97,69,47,45,62,68,60,55,50,43,62,72,69,55,56,53,42,52,52,51,47,44,50,45,44,53,48,51,53,48,42,45,52,49,58,55,53,55,50,52,1
95,111,133,163,186,205,224,219,116,140,155,184,203,213,233,249,122,139,172,182,205,215,235,252,118,143,166,187,203,216,232,243,127,142,175,180,212,214,218,241,129,149,162,180,202,213,218,230,129,141,165,175,197,214,221,222,116,141,158,176,194,204,209,219,1
255,255,255,255,255,255,255,255,255,255,255,255,255,255,255,255,255,255,255,255,255,255,255,255,255,255,255,255,255,255,255,255,255,255,255,255,255,255,255,255,255,255,255,255,255,255,255,255,255,255,255,255,255,255,255,255,255,255,255,255,255,255,255,255,0
255,255,255,255,255,255,255,255,255,255,255,255,255,255,255,255,255,255,255,255,255,255,255,255,255,255,255,255,255,255,255,255,255,255,255,255,255,255,255,255,255,255,255,255,255,255,255,255,255,255,255,255,255,255,255,255,255,255,255,255,255,255,255,255,0
254,255,255,254,254,253,253,254,236,231,225,220,217,212,207,203,110,96,81,72,67,67,67,66,40,38,40,44,44,43,43,42,71,74,80,82,75,69,70,74,80,90,101,103,94,81,78,85,112,125,135,139,134,120,115,125,164,176,184,189,191,178,172,183,2
211,210,202,179,179,197,218,235,224,224,189,182,193,174,179,194,228,225,227,210,193,179,171,169,227,216,220,220,209,182,168,175,226,225,215,196,191,178,165,166,229,229,232,218,200,196,209,210,231,243,236,240,233,221,243,237,244,243,248,250,249,246,250,244,2
45,44,48,55,143,184,189,48,45,49,45,65,147,144,57,44,40,50,46,71,45,56,45,43,43,42,45,47,46,40,45,43,40,55,63,68,49,38,39,30,110,190,204,215,208,130,48,39,207,213,220,217,213,210,112,61,189,199,216,217,223,224,197,108,1
58,56,75,78,86,81,80,85,63,58,71,79,87,80,79,84,68,66,72,81,84,79,76,78,72,78,79,84,82,81,78,75,72,78,78,83,80,80,75,71,73,72,71,78,77,75,66,63,69,65,68,71,69,65,55,55,52,54,62,58,54,52,44,45,1
97,150,156,140,44,26,40,22,122,158,185,175,174,74,24,26,157,170,167,169,182,169,80,31,152,174,192,187,194,189,185,62,156,202,235,246,208,221,191,146,191,234,250,255,254,184,198,208,203,247,252,255,255,214,203,195,191,251,255,255,241,207,204,187,1
255,255,255,255,255,255,255,255,255,255,255,255,255,255,255,255,255,255,255,255,255,255,255,255,255,255,255,255,255,255,255,255,255,255,255,255,255,255,255,255,255,255,255,255,255,255,255,255,255,255,255,255,255,255,255,255,255,255,255,255,255,255,255,255,0
253,253,253,253,253,253,253,253,253,253,253,253,253,253,253,253,253,253,253,253,253,253,253,253,254,254,254,254,254,254,254,254,254,254,254,254,254,254,254,254,255,255,255,255,255,255,255,255,255,255,255,255,255,255,255,255,255,255,255,255,255,255,255,255,2
255,255,255,255,255,255,255,255,255,255,255,255,255,255,255,255,255,255,255,255,255,255,255,255,255,255,255,255,255,255,255,255,255,255,255,255,255,255,255,255,255,255,255,255,255,255,255,255,255,255,255,255,255,255,255,255,255,255,255,255,255,255,255,255,2
235,243,255,253,255,253,255,252,157,170,213,251,255,249,253,255,106,108,106,154,222,255,251,250,76,122,99,74,124,225,250,234,71,72,113,136,136,133,153,157,81,77,67,106,156,143,81,86,109,76,77,65,93,125,141,139,91,71,79,80,71,76,74,102,0
255,255,255,255,255,255,255,255,255,255,255,255,255,255,255,255,255,255,255,255,255,255,255,255,255,255,255,255,255,255,255,255,255,255,255,255,255,255,255,255,255,255,255,255,255,255,255,255,255,255,255,255,255,255,255,255,255,255,255,255,255,255,255,255,2
212,171,180,254,248,196,238,243,208,130,175,203,196,217,242,244,157,217,253,246,237,240,244,239,130,253,252,247,241,249,235,237,214,253,255,235,250,240,231,230,246,255,243,237,243,231,233,235,254,250,239,237,238,234,231,218,255,247,228,238,233,229,223,222,1
250,250,250,250,250,250,250,250,252,252,251,251,251,251,251,251,253,253,253,253,253,253,253,253,253,253,253,253,253,253,253,253,254,253,253,253,253,253,253,253,254,254,254,254,254,254,254,254,255,255,255,255,255,255,255,255,255,255,255,255,255,255,255,255,2
76,76,86,82,80,76,74,75,74,77,75,82,80,92,80,83,80,88,90,86,87,82,89,98,86,93,84,91,100,95,112,120,73,84,84,87,93,105,142,169,72,75,90,95,108,141,166,189,65,72,95,131,134,170,171,176,63,68,95,135,140,150,163,159,1
173,68,63,64,68,64,54,58,90,137,91,70,60,60,70,57,43,71,93,178,67,60,62,65,34,46,63,73,136,121,65,61,40,36,45,44,64,82,146,67,35,40,40,36,40,53,71,146,38,37,35,41,39,41,34,64,42,41,45,35,43,38,44,40,1
255,255,255,255,255,255,255,255,255,255,255,255,255,255,255,255,255,255,255,255,255,255,255,255,255,255,255,255,255,255,255,255,255,255,255,255,255,255,255,255,255,255,255,255,255,255,255,255,255,255,255,255,255,255,255,255,255,255,255,255,255,255,255,255,0
220,248,248,247,153,149,178,177,248,245,248,238,172,187,222,201,252,239,240,240,196,184,250,223,243,240,234,232,231,226,242,221,242,242,223,223,229,205,253,252,242,230,237,228,232,223,243,251,240,236,240,224,213,219,196,251,233,232,234,216,223,224,192,183,1
33,37,30,15,38,58,66,68,52,32,33,32,29,34,56,62,58,47,41,31,26,21,34,46,57,50,45,37,25,26,23,25,81,60,54,37,38,29,27,23,154,131,92,61,38,30,28,23,188,203,193,186,101,40,28,25,203,201,219,226,208,57,40,30,1
255,255,255,255,254,255,255,254,255,255,254,255,255,252,253,254,255,255,255,250,255,255,255,254,255,252,252,255,253,254,252,255,255,255,255,252,255,255,254,219,255,255,253,251,255,253,243,112,254,255,253,251,254,213,130,69,254,255,252,254,241,114,84,105,0
157,153,142,141,143,188,217,187,161,156,151,143,141,159,186,175,158,154,158,152,147,149,165,170,168,161,163,161,149,151,156,168,173,158,166,169,154,152,149,158,177,147,156,164,160,151,147,149,193,153,148,154,155,147,143,146,193,162,152,159,154,147,136,140,2
255,255,255,255,255,255,255,255,255,255,255,255,255,255,255,255,255,255,255,255,255,255,255,255,255,255,255,255,255,255,255,255,255,255,255,255,255,255,255,255,255,255,255,255,255,255,255,255,255,255,255,255,255,255,255,255,255,255,255,255,255,255,255,255,2
127,101,85,54,60,74,59,72,106,97,81,55,74,85,56,66,109,97,96,56,59,54,53,55,122,103,108,80,77,66,87,67,108,100,115,108,94,60,70,65,93,110,102,111,69,55,51,53,121,106,126,89,86,101,81,64,93,93,100,119,117,111,109,101,0
67,59,40,30,42,46,55,60,65,54,30,34,41,57,61,65,57,47,30,41,42,58,59,60,45,32,30,42,49,60,69,68,32,21,29,44,57,62,69,67,23,19,29,48,56,63,68,77,18,19,27,45,54,69,82,109,19,22,30,47,62,70,79,105,1
254,253,255,255,255,255,255,254,255,255,255,254,252,254,255,255,253,252,254,255,255,255,255,255,251,255,251,254,255,252,254,255,218,255,255,255,255,255,255,255,153,243,255,254,254,255,255,253,112,242,255,255,254,255,255,255,83,232,249,255,255,255,252,255,2
164,163,159,174,197,212,207,205,161,157,154,171,194,198,182,173,155,153,154,162,173,165,156,157,153,148,150,157,168,159,155,156,151,145,146,148,153,149,151,151,151,150,152,146,139,142,152,150,150,144,143,141,141,160,165,147,167,152,142,139,144,178,184,156,2
218,218,217,217,217,216,215,214,221,221,221,221,220,220,219,218,225,225,224,224,224,224,224,223,229,229,228,228,228,228,228,227,233,233,232,232,232,231,231,231,236,235,235,234,234,234,234,233,238,237,237,237,237,237,236,236,239,239,240,240,240,240,240,239,2
47,48,43,39,38,36,35,33,33,32,26,25,23,20,20,20,36,30,23,24,24,19,17,14,27,27,26,28,24,19,20,21,42,38,31,25,19,17,21,19,46,45,43,42,37,35,35,27,50,47,43,36,24,21,29,32,59,51,46,45,38,33,34,29,1
173,184,182,180,210,206,182,39,137,142,164,173,185,201,151,36,125,107,135,153,170,181,105,39,65,66,80,110,154,166,75,26,45,61,79,105,141,114,66,23,66,81,103,135,134,67,51,22,152,124,115,115,55,44,64,20,105,107,104,52,30,35,58,25,1
39,32,31,34,28,33,31,28,75,56,33,26,31,30,24,33,62,34,33,37,28,28,32,24,33,31,32,28,33,29,26,28,35,29,34,28,25,26,30,24,27,24,28,27,25,25,26,26,23,27,25,22,22,20,17,26,24,27,24,20,16,17,10,14,1
76,72,65,68,61,71,61,62,72,87,70,69,67,66,68,62,80,82,74,72,73,71,68,68,111,73,78,87,73,78,79,73,110,97,75,79,77,75,76,72,87,112,78,64,78,75,64,67,110,98,89,74,70,76,69,65,151,99,87,78,72,68,64,69,2
168,132,107,98,92,95,101,98,228,222,176,135,132,128,118,122,225,229,241,247,232,210,204,211,239,235,237,239,242,251,255,249,242,244,243,243,249,249,248,252,251,253,253,252,253,254,255,255,252,255,254,253,255,253,251,255,255,255,255,255,253,255,255,254,0
255,255,255,255,255,255,255,255,255,255,255,255,255,255,255,255,255,255,255,255,255,255,255,255,255,255,255,255,255,255,255,255,255,255,255,255,255,255,255,255,255,255,255,255,255,255,255,255,255,255,255,255,255,255,255,255,255,255,255,255,255,255,255,255,0
255,255,255,255,255,255,255,255,255,255,255,255,255,255,255,255,255,255,255,255,255,255,255,255,255,255,255,255,255,255,255,255,255,255,255,255,255,255,255,255,255,255,255,255,255,255,255,255,255,255,255,255,255,255,255,255,255,255,255,255,255,255,255,255,2
92,123,107,104,106,216,245,227,129,110,107,177,244,244,233,229,116,132,231,248,245,227,225,213,138,234,243,241,245,230,220,207,206,235,241,236,226,224,208,203,244,240,238,234,228,211,210,197,247,242,230,235,217,207,200,203,240,243,233,227,215,203,197,161,1
134,117,139,128,107,117,103,108,104,92,95,93,80,82,81,78,80,78,80,85,77,64,63,53,72,67,71,69,66,56,52,51,65,57,57,53,58,57,58,64,46,49,51,57,62,59,64,67,46,55,57,65,64,61,67,69,51,55,57,62,61,63,61,63,1
120,123,104,77,69,78,133,185,113,111,81,67,70,85,153,143,115,92,74,66,63,85,116,120,218,212,111,67,84,100,112,101,226,226,232,204,112,101,96,94,230,223,229,226,203,138,160,128,242,236,234,237,220,149,147,119,254,253,243,244,236,208,124,102,1
75,120,174,175,165,171,209,207,43,66,93,115,121,122,122,130,41,49,67,89,107,101,88,102,55,39,44,84,75,94,91,96,111,82,53,46,63,73,85,85,190,185,102,49,50,83,77,75,201,203,184,98,55,44,76,71,192,194,195,179,84,52,46,74,1
62,71,62,75,60,64,71,78,65,75,72,107,69,66,95,97,70,79,55,70,73,124,135,108,65,101,104,121,146,206,191,168,54,87,136,162,185,195,182,186,47,101,213,231,222,149,162,154,99,216,241,237,189,97,153,116,213,230,205,171,108,195,181,73,0
255,255,255,255,255,255,255,255,255,255,255,255,255,255,255,255,255,255,255,255,255,255,255,255,255,255,255,255,255,255,255,255,255,255,255,255,255,255,255,255,255,255,255,255,255,255,255,255,255,255,255,255,255,255,255,255,255,255,255,255,255,255,255,255,2
137,134,110,74,44,30,32,37,132,117,90,60,40,33,36,42,112,91,68,45,34,33,37,51,87,64,47,33,29,31,39,60,65,45,35,30,32,38,48,72,52,44,45,48,51,54,64,84,62,64,70,76,77,76,84,98,86,87,87,92,95,94,100,107,2
255,255,255,255,255,255,255,255,255,255,255,255,255,255,255,255,255,255,255,255,255,255,255,255,255,255,255,255,255,255,255,255,255,255,255,255,255,255,255,255,255,255,255,255,255,255,255,255,255,255,255,255,255,255,255,255,255,255,255,255,255,255,255,255,0
56,51,56,52,50,48,40,43,58,53,53,50,48,48,44,47,52,57,58,50,44,46,45,43,56,56,51,46,42,41,47,50,56,52,44,41,43,47,50,49,54,48,44,44,45,47,47,48,56,44,43,45,46,46,55,75,40,45,50,40,46,71,84,93,1
196,211,198,205,210,209,208,205,200,185,192,209,200,200,211,201,186,189,189,194,198,203,198,196,176,183,181,188,195,202,199,202,164,167,179,182,192,190,203,195,155,167,166,176,171,182,189,192,162,156,171,167,171,167,192,200,125,142,161,157,154,158,157,163,1
255,255,255,255,255,255,255,255,255,255,255,255,255,255,255,255,255,255,255,255,255,255,255,255,255,255,255,255,255,255,255,255,255,255,255,255,255,255,255,255,255,255,255,255,255,255,255,255,255,255,255,255,255,255,255,255,255,255,255,255,255,255,255,255,0
181,177,184,192,197,210,207,131,162,175,184,182,191,184,179,144,150,150,156,174,189,172,185,169,140,145,160,152,167,170,164,166,109,123,144,138,145,158,153,148,88,108,110,126,135,135,143,129,80,85,99,108,100,108,124,103,72,76,75,84,87,77,89,77,1
228,241,245,250,254,245,165,87,210,236,240,255,255,251,243,126,207,224,240,249,254,250,251,206,209,215,228,244,250,250,240,226,194,208,219,238,238,244,243,237,202,218,213,220,230,230,237,235,183,198,225,213,214,230,231,238,171,196,204,214,222,223,230,230,1
74,153,184,204,189,248,250,243,149,177,186,180,248,245,249,246,99,90,90,241,251,250,245,232,55,43,199,251,247,242,246,226,175,151,243,248,254,246,233,219,206,176,171,199,227,224,234,232,135,124,96,138,152,188,190,197,133,131,145,116,115,97,151,128,1
255,255,255,255,255,255,255,255,255,255,255,255,255,255,255,255,255,255,255,255,255,255,255,255,255,255,255,255,255,255,255,255,255,255,255,255,255,255,255,255,255,255,255,255,255,255,255,255,255,255,255,255,255,255,255,255,255,255,255,255,255,255,255,255,0
55,51,55,56,54,49,56,57,50,51,52,50,53,58,51,53,54,49,51,44,60,56,47,51,72,61,51,49,67,57,49,42,83,91,72,69,50,43,45,40,73,81,76,84,64,53,47,34,87,76,82,78,68,60,49,44,88,72,85,78,78,89,56,50,0
220,214,207,197,204,214,205,210,211,212,214,214,209,202,202,198,208,203,195,216,213,215,211,193,212,216,198,205,203,209,196,219,214,220,199,206,211,187,204,195,219,216,204,200,190,200,212,196,220,220,204,191,214,209,212,199,224,211,181,213,211,208,199,197,1
238,239,239,239,240,239,239,239,239,240,240,241,241,241,241,240,241,241,242,242,242,242,242,242,243,243,243,244,244,244,244,244,245,245,245,245,245,246,246,246,246,246,246,247,247,247,247,247,248,248,248,248,248,248,248,248,249,249,249,249,249,249,249,249,2
164,154,144,141,137,165,156,158,179,160,134,138,164,159,157,157,184,165,141,134,166,150,145,144,191,192,158,143,134,138,135,142,186,214,203,181,169,139,144,136,176,216,213,198,184,166,153,151,168,194,209,195,194,198,184,185,153,169,189,197,198,208,208,205,2
255,255,255,255,255,255,255,255,255,255,255,255,255,255,255,255,255,255,255,255,255,255,255,255,255,255,255,255,255,255,255,255,255,255,255,255,255,255,255,255,255,255,255,255,255,255,255,255,255,255,255,255,255,255,255,255,255,255,255,255,255,255,255,255,0
222,221,224,229,224,216,213,207,226,227,228,231,226,221,221,218,227,230,230,230,227,225,225,220,221,226,227,229,229,227,224,216,211,218,222,228,231,229,225,218,203,210,215,223,229,228,226,224,197,198,199,213,226,227,225,225,190,185,184,202,224,229,226,223,2
145,71,48,38,96,186,190,200,146,68,41,46,146,188,195,209,105,57,43,110,182,202,197,212,83,45,56,153,186,204,207,193,68,49,107,186,196,202,210,192,63,67,165,194,200,212,178,194,54,125,185,196,200,191,197,201,67,171,190,207,197,192,195,156,1
85,87,50,70,59,40,39,50,87,79,63,67,44,40,49,32,91,107,68,75,75,47,41,52,212,111,65,65,72,112,87,95,249,245,188,63,67,64,96,171,251,251,251,216,69,100,167,171,102,135,162,209,183,170,172,175,77,86,93,126,162,174,162,126,1
37,38,31,37,33,31,32,26,34,35,28,25,28,38,50,60,35,54,105,134,135,145,165,171,95,121,148,148,151,165,180,177,103,117,121,122,132,143,169,180,104,122,131,128,121,131,164,173,100,115,120,124,121,120,133,150,91,100,121,130,121,131,138,135,1
200,217,207,215,222,226,215,217,202,200,215,206,206,215,225,220,205,213,203,213,202,212,212,206,207,212,218,221,218,218,210,216,209,195,216,217,221,221,226,214,197,218,215,214,220,217,213,222,206,207,220,216,213,225,213,215,212,216,218,226,221,230,222,225,1
184,185,184,180,157,119,90,79,182,185,186,191,184,155,116,87,179,183,185,189,190,177,149,120,170,175,179,183,185,183,174,161,169,166,166,174,178,178,180,176,184,174,171,179,178,172,171,168,223,214,212,217,210,199,195,191,246,235,229,229,222,218,223,224,2
133,134,134,135,136,137,137,137,134,134,135,136,136,137,137,138,134,134,136,136,136,137,138,139,133,135,136,137,137,137,138,139,133,135,137,138,138,137,138,138,134,136,137,138,138,138,138,138,136,137,137,138,138,138,139,139,138,138,137,138,138,139,139,140,2
254,254,254,253,252,253,252,251,253,253,253,252,252,252,252,251,254,254,253,252,252,253,252,251,254,253,253,252,252,252,251,249,252,252,252,252,252,251,248,246,252,252,252,252,252,250,247,243,253,253,252,251,250,248,243,240,254,253,251,249,247,244,239,235,2
224,222,221,217,212,203,174,137,223,221,220,214,207,202,185,160,221,221,220,214,207,204,195,181,219,218,218,217,213,208,201,191,218,213,211,213,214,212,206,199,218,211,205,207,212,215,214,212,220,215,210,211,215,218,220,222,221,222,221,221,221,221,221,224,2
255,255,255,255,255,255,255,255,255,255,255,255,255,255,255,255,255,255,255,255,255,255,255,255,255,255,255,255,255,255,255,255,255,255,255,255,255,255,255,255,255,255,255,255,255,255,255,255,255,255,255,255,255,255,255,255,255,255,255,255,255,255,255,255,2
122,137,162,149,145,114,60,50,121,98,136,140,159,115,65,59,72,82,78,109,149,175,189,190,74,88,143,179,181,199,207,205,121,152,167,174,201,200,199,209,138,144,160,183,187,196,201,210,136,141,157,173,192,202,203,211,119,137,156,173,187,193,208,211,1
252,216,234,238,233,182,136,199,254,254,254,252,251,242,218,201,254,255,255,254,245,253,252,233,255,253,255,254,251,255,254,254,252,255,255,253,255,254,255,252,255,254,255,255,255,249,255,255,255,251,255,254,255,255,254,252,254,255,255,254,254,255,252,255,1
237,237,237,237,237,237,237,237,238,238,238,237,237,237,237,238,239,239,239,239,239,239,239,239,240,240,240,241,240,240,240,240,240,240,241,241,241,241,240,239,240,240,241,241,241,241,240,239,241,241,241,241,241,241,241,241,243,243,242,242,242,242,242,243,2
201,221,205,195,202,199,203,205,198,200,209,208,201,214,194,166,184,209,213,203,189,199,177,205,205,207,204,197,193,178,200,203,192,200,211,201,195,182,196,193,199,205,212,212,192,196,180,182,194,191,188,201,203,188,187,173,203,184,198,201,205,196,191,185,1
255,255,255,255,255,255,255,255,255,255,255,255,255,255,255,255,255,255,255,255,255,255,255,255,255,255,255,255,255,255,255,255,255,255,255,255,255,255,255,255,255,255,255,255,255,255,255,255,255,255,255,255,255,255,255,255,255,255,255,255,255,255,255,255,2
100,123,143,172,172,179,219,210,134,126,167,156,170,168,194,192,58,67,130,149,144,158,173,181,126,141,171,151,117,110,111,142,66,73,80,83,88,90,109,111,59,68,66,61,67,69,58,69,56,58,58,60,61,59,61,62,54,53,48,56,49,54,56,63,1
228,228,228,228,227,227,226,226,229,229,228,228,228,228,228,228,229,229,229,228,228,228,228,228,231,231,230,230,229,229,228,228,233,233,233,232,232,231,231,231,234,234,234,233,233,233,233,233,235,235,235,234,234,234,234,234,237,236,236,236,235,235,234,234,2
255,255,255,255,255,255,255,255,255,255,255,255,255,255,255,255,255,255,255,255,255,255,255,255,255,255,255,255,255,255,255,255,255,255,255,255,255,255,255,255,255,255,255,255,255,255,255,255,255,255,255,255,255,255,255,255,255,255,255,255,255,255,255,255,0
36,37,38,37,33,28,25,24,35,33,32,32,30,26,23,20,32,31,29,29,27,24,21,19,28,29,29,28,25,22,20,20,26,24,24,24,24,22,19,18,27,22,17,18,20,20,17,13,34,27,19,16,17,17,14,11,41,35,26,19,15,13,13,14,1
255,255,255,255,255,255,255,255,255,255,255,255,255,255,255,255,255,255,255,255,255,255,255,255,255,255,255,255,255,255,255,255,255,255,255,255,255,255,255,255,255,255,255,255,255,255,255,255,255,255,255,255,255,255,255,255,255,255,255,255,255,255,255,255,2
28,32,23,22,35,52,62,68,36,30,32,26,22,28,46,53,29,27,32,23,23,24,21,40,30,31,23,28,21,19,24,22,46,34,27,28,28,22,22,19,238,80,49,37,33,33,24,25,239,255,251,238,193,94,57,39,69,151,224,246,250,255,252,246,1
255,255,255,255,255,255,255,255,255,255,255,255,255,255,255,255,255,255,255,255,255,255,255,255,255,255,255,255,255,255,255,255,255,255,255,255,255,255,255,255,255,255,255,255,255,255,255,255,255,255,255,255,255,255,255,255,255,255,255,255,255,255,255,255,2
255,255,255,255,255,255,255,255,255,255,255,255,255,255,255,255,255,255,255,255,255,255,255,255,255,255,255,255,255,255,255,255,255,255,255,255,255,255,255,255,255,255,255,255,255,255,255,255,255,255,255,255,255,255,255,255,255,255,255,255,255,255,255,255,2
153,153,179,185,150,153,151,139,192,169,170,145,122,127,137,130,165,153,151,120,111,123,135,130,141,151,144,120,110,124,126,119,134,147,127,112,109,120,119,111,136,140,118,103,108,112,112,103,139,140,122,99,106,116,115,105,134,139,127,99,104,126,115,97,2
22,27,26,33,33,35,38,36,23,24,32,31,38,37,40,39,30,34,39,41,35,43,41,49,35,34,40,40,45,48,49,50,34,40,45,48,52,49,52,50,40,49,48,57,52,54,56,56,52,50,53,54,66,65,66,60,60,65,73,75,71,71,64,65,1
231,221,204,174,145,117,115,87,229,224,193,152,140,123,104,80,215,208,176,157,131,97,103,67,219,202,168,136,120,108,101,63,194,161,142,128,121,118,78,68,177,143,123,110,86,81,50,106,171,127,106,97,89,60,55,197,149,117,96,100,97,51,107,247,2
255,255,255,255,255,255,255,255,255,255,255,255,255,255,255,255,255,255,255,255,255,255,255,255,255,255,255,255,255,255,255,255,255,255,255,255,255,255,255,255,255,255,255,255,255,255,255,255,255,255,255,255,255,255,255,255,255,255,255,255,255,255,255,255,2
230,236,235,228,220,213,213,220,226,228,225,216,204,195,194,198,215,211,208,204,195,186,182,182,203,192,188,190,188,185,182,179,203,190,181,179,177,175,176,175,216,208,200,191,179,169,165,164,228,228,223,213,197,179,165,159,232,235,232,223,211,190,171,163,2
38,42,45,48,50,46,46,52,37,36,37,46,50,45,43,49,31,36,40,43,45,44,45,49,28,35,40,39,40,44,48,49,27,27,30,36,39,42,44,46,22,23,28,32,35,39,43,42,22,26,29,29,29,36,42,40,32,25,23,26,28,32,38,39,1
207,201,215,198,142,182,183,187,200,210,199,190,128,171,175,173,184,188,186,189,150,158,145,137,170,176,181,183,131,137,157,147,176,175,203,195,110,112,183,115,161,190,191,184,91,71,96,92,151,173,178,172,77,48,35,71,136,163,194,187,36,34,30,31,1
255,255,255,255,255,255,255,255,255,255,255,255,255,255,255,255,255,255,255,255,255,255,255,255,255,255,255,255,255,255,255,255,255,255,255,255,255,255,255,255,255,255,255,255,255,255,255,255,255,255,255,255,255,255,255,255,255,255,255,255,255,255,255,255,2
255,255,255,255,255,255,255,255,255,255,255,255,255,255,255,255,255,255,255,255,255,255,255,255,255,255,255,255,255,255,255,255,255,255,255,255,255,255,255,255,255,255,255,255,255,255,255,255,255,255,255,255,255,255,255,255,255,255,255,255,255,255,255,255,0
255,255,255,255,255,255,255,255,255,255,255,255,255,255,255,255,255,255,255,255,255,255,255,255,255,255,255,255,255,255,255,255,255,255,255,255,255,255,255,255,255,255,255,255,255,255,255,255,255,255,255,255,255,255,255,255,255,255,255,255,255,255,255,255,2
53,40,39,41,47,38,28,27,40,37,38,34,35,31,26,25,47,52,52,38,33,32,31,30,49,53,51,36,31,30,33,33,52,50,44,36,35,32,34,34,49,44,39,38,40,33,33,32,46,44,41,41,44,37,37,35,48,49,45,41,40,32,33,30,2
113,112,104,98,104,167,208,209,107,101,101,98,98,197,205,210,111,98,98,94,104,206,211,215,96,102,94,97,101,195,222,212,98,94,96,89,94,147,207,214,96,102,94,93,95,102,115,166,97,92,96,94,93,99,109,119,95,99,83,89,101,106,109,86,1
255,255,255,255,255,255,255,255,255,255,255,255,255,255,255,255,255,255,255,255,255,255,255,255,255,255,255,255,255,255,255,255,255,255,255,255,255,255,255,255,255,255,255,255,255,255,255,255,255,255,255,255,255,255,255,255,255,255,255,255,255,255,255,255,2
92,89,94,102,92,39,25,41,84,96,99,97,55,34,24,30,89,80,104,76,40,27,25,27,89,99,91,54,39,27,33,28,94,93,51,48,39,30,31,30,94,77,55,40,39,32,33,30,79,161,46,41,39,40,35,36,143,133,50,38,41,43,41,39,1
255,255,255,255,255,255,255,255,255,255,255,255,255,255,255,255,255,255,255,255,255,255,255,255,255,255,255,255,255,255,255,255,255,255,255,255,255,255,255,255,255,255,255,255,255,255,255,255,255,255,255,255,255,255,255,255,255,255,255,255,255,255,255,255,2
56,46,45,50,52,47,42,40,57,53,47,52,48,43,43,41,54,55,49,51,47,42,48,44,57,55,54,49,51,45,51,44,56,53,56,52,55,60,56,49,56,55,57,59,58,72,58,54,59,60,62,62,59,67,57,51,53,56,63,58,62,60,62,53,1
248,247,245,242,239,237,236,235,252,251,249,247,244,242,241,240,254,254,252,251,249,247,246,245,254,254,254,253,251,250,249,248,255,255,255,255,254,253,252,251,255,255,255,255,255,254,254,253,255,255,255,255,255,255,254,254,255,255,255,255,255,255,255,255,0
255,255,255,255,255,255,255,255,255,255,255,255,255,255,255,255,255,255,255,255,255,255,255,255,255,255,255,255,255,255,255,255,255,255,255,255,255,255,255,255,255,255,255,255,255,255,255,255,255,255,255,255,255,255,255,255,255,255,255,255,255,255,255,255,0
255,255,255,255,255,255,255,255,255,255,255,255,255,255,255,255,255,255,255,255,255,255,255,255,255,255,255,255,255,255,255,255,255,255,255,255,255,255,255,255,255,255,255,255,255,255,255,255,255,255,255,255,255,255,255,255,255,255,255,255,255,255,255,255,0
255,255,255,255,255,255,255,255,255,255,255,255,255,255,255,255,255,255,255,255,255,255,255,255,255,255,255,255,255,255,255,255,255,255,255,255,255,255,255,255,255,255,255,255,255,255,255,255,255,255,255,255,255,255,255,255,255,255,255,255,255,255,255,255,2
43,39,49,57,58,63,66,75,35,50,55,61,64,71,67,65,33,44,50,66,63,64,69,73,31,51,50,52,61,67,68,74,32,35,46,51,62,71,78,81,31,26,23,20,51,69,68,66,28,17,19,21,22,20,32,44,15,19,20,25,26,22,27,27,1
94,107,140,168,162,171,189,183,77,114,122,136,149,160,176,181,79,85,109,115,128,147,147,183,68,70,85,116,128,130,133,139,69,64,67,81,93,107,116,138,61,69,68,71,72,73,77,89,55,65,59,60,62,71,75,67,18,26,38,53,60,60,56,68,1
67,68,67,61,53,53,41,36,66,66,64,59,54,52,44,40,69,68,65,60,55,46,42,37,64,63,60,58,57,46,44,36,60,58,55,55,56,46,44,37,61,58,55,53,52,46,42,36,53,51,51,50,49,49,43,41,43,44,47,48,46,50,42,42,1
154,151,148,157,162,156,172,159,164,173,170,171,155,159,152,147,156,164,164,159,152,152,164,152,152,150,146,150,142,138,150,132,154,143,140,137,136,139,141,139,127,134,131,128,134,127,122,125,126,136,122,131,127,127,124,124,127,110,116,116,118,115,115,106,1
222,226,231,234,237,239,242,243,232,236,241,243,245,246,248,248,239,243,246,248,249,248,248,248,243,246,248,249,248,247,245,244,244,246,246,245,243,241,239,238,243,243,241,238,235,233,233,232,241,239,235,230,228,228,229,229,233,231,226,221,219,220,223,225,2
68,104,56,35,25,13,16,10,84,128,50,31,24,11,19,15,112,105,46,37,28,15,14,18,90,99,102,70,66,56,69,30,85,80,79,92,88,86,93,93,80,82,82,80,84,85,89,89,79,81,67,81,84,83,88,76,73,76,79,80,76,80,75,81,1
255,255,255,254,254,254,255,255,255,255,255,255,254,254,254,255,255,255,255,254,254,253,254,254,254,255,255,254,254,254,255,255,255,255,255,255,255,255,255,255,255,255,255,254,254,253,253,254,255,255,255,254,253,253,253,253,255,255,255,255,254,254,254,255,0
34,39,45,41,37,36,32,30,23,22,24,23,23,24,22,22,22,19,18,16,16,17,17,20,25,23,22,18,13,14,17,24,24,23,23,16,14,18,23,30,27,23,21,17,19,27,31,36,28,23,20,20,25,31,33,36,27,22,23,27,32,34,34,37,1
255,255,255,255,255,255,255,255,255,255,255,255,255,255,255,255,255,255,255,255,255,255,255,255,255,255,255,255,255,255,255,255,255,255,255,255,255,255,255,255,255,255,255,255,255,255,255,255,255,255,255,255,255,255,255,255,255,255,255,255,255,255,255,255,0
255,255,255,255,255,255,255,255,255,255,255,255,255,255,255,255,255,255,255,255,255,255,255,255,255,255,255,255,255,255,255,255,255,255,255,255,255,255,255,255,255,255,255,255,255,255,255,255,255,255,255,255,255,255,255,255,255,255,255,255,255,255,255,255,2
165,176,191,207,220,228,234,241,174,186,203,219,232,238,243,248,184,196,213,227,238,241,244,248,201,212,225,235,241,242,243,246,221,229,236,240,242,243,243,246,232,237,240,240,241,241,243,246,238,242,242,241,242,244,247,249,240,243,243,242,244,246,249,252,2
255,255,255,255,255,255,255,255,255,255,255,255,255,255,255,255,255,255,255,255,255,255,255,255,255,255,255,255,255,255,255,255,255,255,255,255,255,255,255,255,255,255,255,255,255,255,255,255,255,255,255,255,255,255,255,255,255,255,255,255,255,255,255,255,2
255,255,255,255,255,255,255,255,255,255,255,255,255,255,255,255,255,255,255,255,255,255,255,255,255,255,255,255,255,255,255,255,255,255,255,255,255,255,255,255,255,255,255,255,255,255,255,255,255,255,255,255,255,255,255,255,255,255,255,255,255,255,255,255,2
255,255,255,255,255,255,255,255,255,255,255,255,255,255,255,255,255,255,255,255,255,255,255,255,255,255,255,255,255,255,255,255,255,255,255,255,255,255,255,255,255,255,255,255,255,255,255,255,255,255,255,255,255,255,255,255,255,255,255,255,255,255,255,255,0
255,255,255,255,255,255,255,255,255,255,255,255,255,255,255,255,255,255,255,255,255,255,255,255,255,255,255,255,255,255,255,255,255,255,255,255,255,255,255,255,255,255,255,255,255,255,255,255,255,255,255,255,255,255,255,255,255,255,255,255,255,255,255,255,0
255,255,255,254,254,255,255,255,255,255,255,254,254,255,255,255,255,255,255,254,254,255,255,255,255,255,255,254,254,255,255,255,255,255,255,254,254,255,255,255,255,255,255,254,254,255,255,255,255,255,255,255,255,255,255,255,255,255,255,255,255,255,255,255,2
255,255,255,255,255,255,255,255,255,255,255,255,255,255,255,255,255,255,255,255,255,255,255,255,255,255,255,255,255,255,255,255,255,255,255,255,255,255,255,255,255,255,255,255,255,255,255,255,255,255,255,255,255,255,255,255,255,255,255,255,255,255,255,255,2
152,149,142,136,130,125,120,120,168,157,152,156,152,136,129,135,220,214,213,221,225,217,213,218,255,255,252,251,252,251,247,245,254,252,250,250,251,250,248,250,255,255,254,254,255,254,253,255,254,255,255,254,255,255,255,254,255,255,254,254,255,255,255,255,0
62,64,61,55,52,60,67,61,54,56,56,62,64,58,57,60,58,79,67,49,56,60,55,54,57,64,61,62,65,56,53,62,64,63,71,75,63,54,55,48,74,73,69,64,57,52,53,53,71,73,60,51,52,50,48,50,70,54,50,56,51,49,55,53,0
234,224,209,188,158,124,93,73,219,195,166,149,144,140,128,113,184,162,143,139,138,134,130,127,152,143,139,139,132,122,120,124,141,138,135,131,129,128,125,119,139,136,134,132,129,128,123,116,138,134,132,131,126,122,122,123,136,134,132,129,126,126,124,119,2
255,255,255,255,255,255,255,255,255,255,255,255,255,255,255,255,255,255,255,255,255,255,255,255,255,255,255,255,255,255,255,255,255,255,255,255,255,255,255,255,255,255,255,255,255,255,255,255,255,255,255,255,255,255,255,255,255,255,255,255,255,255,255,255,0
255,255,255,255,255,255,255,255,255,255,255,255,255,255,255,255,255,255,255,255,255,255,255,255,255,255,255,255,255,255,255,255,255,255,255,255,255,255,255,255,255,255,255,255,255,255,255,255,255,255,255,255,255,255,255,255,255,255,255,255,255,255,255,255,2
234,233,233,234,234,233,233,233,235,234,234,234,234,233,232,232,235,234,234,234,234,233,233,233,235,234,234,234,234,234,234,234,235,234,234,235,235,234,234,234,236,235,235,235,235,234,234,234,236,235,235,235,235,235,234,234,236,235,234,235,236,235,235,235,2
255,255,254,255,255,255,255,255,252,254,255,255,255,254,255,255,254,255,255,254,254,253,253,255,255,255,254,253,255,255,255,255,254,254,254,255,255,255,253,254,255,255,255,255,254,254,255,254,255,253,255,255,252,255,255,246,255,254,255,255,252,254,245,221,2
166,166,165,164,163,162,162,161,173,172,172,171,171,170,170,170,180,180,180,179,179,178,178,178,188,187,187,186,186,185,185,184,195,195,195,194,194,193,193,192,201,201,201,201,201,201,200,200,207,207,207,207,207,207,207,207,213,213,213,213,213,212,212,211,2
249,249,249,249,249,249,249,249,252,252,252,252,252,252,252,252,253,253,253,253,253,253,253,253,253,253,253,253,253,253,253,253,253,253,253,253,253,253,253,253,254,254,254,254,254,254,254,254,255,255,255,255,255,255,255,255,255,255,255,255,255,255,255,255,2
255,255,255,255,255,255,255,255,255,255,255,255,255,255,255,255,255,255,255,255,255,255,255,255,255,255,255,255,255,255,255,255,255,255,255,255,255,255,255,255,255,255,255,255,255,255,255,255,255,255,255,255,255,255,255,255,255,255,255,255,255,255,255,255,2
211,204,77,55,53,45,45,37,210,152,60,53,51,45,44,44,186,92,61,50,46,50,45,42,174,87,53,50,48,47,44,45,198,74,55,49,49,47,47,46,162,62,56,55,52,49,52,25,90,64,57,58,48,53,23,16,68,60,59,60,46,21,17,14,1
255,255,255,255,255,255,255,255,255,255,255,255,255,255,255,255,255,255,255,255,255,255,255,255,255,255,255,255,255,255,255,255,255,255,255,255,255,255,255,255,255,255,255,255,255,255,255,255,255,255,255,255,255,255,255,255,255,255,255,255,255,255,255,255,2
213,213,215,215,211,204,202,203,217,215,216,219,219,216,216,218,217,219,222,224,225,224,222,221,215,222,227,225,225,228,229,227,225,228,228,225,225,229,233,233,233,228,225,227,229,228,228,230,226,222,222,226,229,228,225,223,225,227,226,223,223,224,222,217,2
226,222,219,215,207,201,205,214,210,209,210,212,208,200,196,197,188,188,190,195,196,190,181,175,177,175,174,176,178,177,171,166,168,167,165,163,163,164,163,161,156,159,161,159,156,155,155,154,146,151,155,155,152,151,152,154,138,142,146,146,145,146,150,154,2
255,255,255,255,255,255,255,255,255,255,255,255,255,255,255,255,255,255,255,255,255,255,255,255,255,255,255,255,255,255,255,255,255,255,255,255,255,255,255,255,255,255,255,255,255,255,255,255,255,255,255,255,255,255,255,255,255,255,255,255,255,255,255,255,2
220,223,224,224,227,227,226,228,221,225,229,229,229,225,225,226,224,226,232,226,222,218,228,235,235,228,228,224,224,221,224,221,230,229,233,229,225,223,228,227,229,229,229,229,228,231,229,225,218,230,234,238,235,239,233,230,228,235,226,224,217,218,203,196,2
42,44,45,46,47,68,72,74,47,43,45,46,43,48,50,55,48,46,46,41,41,48,52,51,57,51,47,45,40,38,45,55,63,56,45,48,43,40,35,39,98,88,62,51,42,44,38,36,78,80,72,70,59,45,37,39,67,76,76,75,74,64,51,38,0
130,133,132,129,129,146,181,208,127,127,123,124,142,174,203,215,120,121,121,128,155,188,204,204,116,114,117,129,153,178,188,190,120,115,119,132,154,173,180,183,120,119,126,136,156,177,187,194,125,129,143,153,168,189,200,211,141,150,175,193,204,208,202,205,2
26,21,17,16,15,14,14,15,14,15,17,19,19,17,16,16,16,19,21,19,16,14,12,11,14,18,18,15,13,13,14,14,17,21,24,23,23,25,26,25,22,24,25,24,24,25,25,23,26,26,25,24,24,25,26,26,24,24,25,25,25,25,25,25,1
254,255,255,255,255,255,255,255,255,255,255,255,255,255,255,255,255,255,255,255,255,255,255,255,255,254,254,255,255,255,255,255,255,255,255,255,255,255,255,255,255,255,255,255,255,254,255,255,254,255,255,255,254,253,254,255,251,252,253,253,252,252,254,255,0
183,180,140,123,86,53,36,40,157,124,88,47,39,42,43,42,110,53,34,27,33,36,34,46,56,32,26,26,29,36,37,38,39,31,28,24,27,21,32,39,32,33,32,26,24,27,27,37,31,33,31,32,26,31,24,32,33,38,41,37,34,28,29,23,1
255,255,255,255,255,255,255,255,255,255,255,255,255,255,255,255,255,255,255,255,255,255,255,255,255,255,255,255,255,255,255,255,255,255,255,255,255,255,255,255,255,255,255,255,255,255,255,255,255,255,255,255,255,255,255,255,255,255,255,255,255,255,255,255,2
78,85,99,122,142,158,174,180,82,82,95,109,124,139,148,157,84,83,86,92,104,121,133,137,81,91,84,88,98,112,127,114,70,86,83,87,92,99,108,92,45,59,73,76,71,63,51,38,42,44,52,50,47,46,40,37,46,48,47,47,45,44,40,30,1
255,255,255,255,255,255,255,255,255,255,255,255,255,255,255,255,255,255,255,255,255,255,255,255,255,255,255,255,255,255,255,255,255,255,255,255,255,255,255,255,255,255,255,255,255,255,255,255,255,255,255,255,255,255,255,255,255,255,255,255,255,255,255,255,2
67,78,62,52,50,41,37,34,75,77,64,55,53,33,34,31,95,90,63,52,42,28,25,25,143,82,57,49,42,20,27,24,96,73,65,48,20,20,20,26,145,151,160,112,69,59,59,58,196,198,203,155,65,56,65,57,210,192,188,184,130,91,94,118,1
255,255,255,255,255,255,255,255,255,255,255,255,255,255,255,255,255,255,255,255,255,255,255,255,255,255,255,255,255,255,255,255,255,255,255,255,255,255,255,255,255,255,255,255,255,255,255,255,255,255,255,255,255,255,255,255,255,255,255,255,255,255,255,255,0
245,251,255,255,255,254,255,255,245,250,255,255,255,255,255,255,244,249,254,255,255,255,255,255,243,249,254,255,255,255,255,255,244,249,254,255,255,255,255,255,246,250,254,255,255,255,255,255,248,252,255,255,255,255,255,255,249,253,255,255,255,255,255,255,2
92,161,179,165,141,115,114,184,182,183,153,151,159,89,168,197,166,154,164,108,130,99,205,202,188,165,163,124,124,164,219,201,181,157,141,116,98,221,208,203,172,142,141,128,185,207,212,206,165,162,145,147,209,197,224,213,166,137,126,184,209,199,213,213,1
255,255,255,255,254,251,246,241,255,255,255,254,253,249,244,240,255,255,255,254,252,248,243,239,255,255,254,253,251,246,242,239,255,255,254,253,250,246,242,239,255,255,255,253,250,245,242,240,255,255,255,253,249,245,241,239,255,255,255,252,248,244,240,239,2
55,54,50,110,142,152,134,145,71,108,130,137,222,162,141,133,147,156,128,140,169,149,135,120,125,151,125,113,142,140,129,131,118,116,124,131,117,119,128,126,101,108,108,121,110,137,121,128,113,120,116,122,139,113,140,123,115,116,126,124,125,131,132,134,1
39,49,56,53,58,65,95,85,39,33,41,55,52,59,58,91,32,35,24,30,60,55,62,57,40,31,25,22,27,37,57,59,65,57,50,51,47,45,31,53,62,34,17,15,21,34,49,38,33,21,16,16,16,39,49,46,20,17,15,14,20,44,46,45,1
206,219,226,230,235,226,246,199,224,225,237,235,228,252,206,122,229,236,233,237,248,198,104,80,229,233,231,242,205,100,72,88,233,223,235,202,103,86,122,135,236,248,219,120,118,143,169,159,253,230,163,136,117,103,128,125,240,168,117,99,74,72,91,112,2
255,255,255,255,255,255,255,255,255,255,255,255,255,255,255,255,255,255,255,255,255,255,255,255,255,255,255,255,255,255,255,255,255,255,255,255,255,255,255,255,255,255,255,255,255,255,255,255,255,255,255,255,255,255,255,255,255,255,255,255,255,255,255,255,2
255,255,255,255,255,255,255,255,255,255,255,255,255,255,255,255,255,255,255,255,255,255,255,255,255,255,255,255,255,255,255,255,255,255,255,255,255,255,255,255,255,255,255,255,255,255,255,255,255,255,255,255,255,255,255,255,255,255,255,255,255,255,255,255,0
41,36,49,50,60,74,47,45,52,49,58,53,65,75,60,44,60,52,47,53,67,73,71,46,58,50,52,44,50,83,75,52,44,50,46,43,42,67,83,68,40,36,39,41,43,50,75,84,30,36,33,35,37,37,67,78,14,16,23,28,25,31,48,83,1
253,186,57,45,46,44,43,50,255,246,93,52,44,55,52,51,250,254,181,59,58,59,61,63,253,255,255,98,63,64,63,62,252,254,252,173,69,67,72,69,254,251,255,252,93,71,69,64,249,254,255,255,125,72,61,63,237,255,252,255,224,72,54,50,1
169,110,95,74,61,56,90,106,217,190,160,111,81,62,76,103,203,206,208,207,150,95,70,100,198,203,216,216,207,183,99,93,199,200,200,208,216,213,201,102,193,200,193,191,213,205,213,182,199,181,193,192,196,203,189,194,171,171,176,178,180,186,188,185,1
255,255,255,255,255,255,255,255,255,255,255,255,255,255,255,255,255,255,255,255,255,255,255,255,255,255,255,255,255,255,255,255,255,255,255,255,255,255,255,255,255,255,255,255,255,255,255,255,255,255,255,255,255,255,255,255,255,255,255,255,255,255,255,255,2
141,141,141,141,140,140,140,140,143,143,142,142,142,142,142,142,146,145,144,144,144,144,143,143,151,149,147,147,146,146,145,144,154,152,151,149,149,148,147,146,155,154,152,151,151,150,149,149,158,157,155,154,153,152,152,151,161,160,159,157,156,155,154,154,2
17,17,14,17,20,19,18,18,17,17,14,17,18,19,18,18,17,17,15,16,16,18,16,15,19,16,16,13,14,15,14,11,24,17,19,13,17,18,20,17,26,17,21,15,18,19,23,23,25,18,25,24,17,18,17,21,31,29,36,40,24,24,16,21,1
255,255,255,255,255,255,255,255,255,255,255,255,255,255,255,255,255,255,255,255,255,255,255,255,255,255,255,255,255,255,255,255,255,255,255,255,255,255,255,255,255,255,255,255,255,255,255,255,255,255,255,255,255,255,255,255,255,255,255,255,255,255,255,255,2
255,255,255,255,255,255,255,255,255,255,255,255,255,255,255,255,255,255,255,255,255,255,255,255,255,255,255,255,255,255,255,255,255,255,255,255,255,255,255,255,255,255,255,255,255,255,255,255,255,255,255,255,255,255,255,255,255,255,255,255,255,255,255,255,2
255,255,255,255,255,255,255,255,255,255,255,255,255,255,255,255,255,255,255,255,255,255,255,255,255,255,255,255,255,255,255,255,255,255,255,255,255,255,255,255,255,255,255,255,255,255,255,255,255,255,255,255,255,255,255,255,255,255,255,255,255,255,255,255,2
255,255,255,255,255,255,255,255,255,255,255,255,255,255,255,255,255,255,255,255,255,255,255,255,255,255,255,255,255,255,255,255,255,255,255,255,255,255,255,255,255,255,255,255,255,255,255,255,255,255,255,255,255,255,255,255,255,255,255,255,255,255,255,255,0
15,18,18,16,36,45,46,46,15,17,19,24,47,51,51,49,19,18,21,34,55,53,54,52,21,21,22,44,56,53,56,58,21,22,25,53,57,57,61,67,20,23,31,58,59,62,66,72,22,23,37,59,64,69,73,75,22,20,39,56,68,75,82,81,1
119,110,82,125,126,143,153,170,124,113,65,76,109,140,148,167,111,116,63,62,89,103,116,145,112,126,56,59,70,86,103,114,113,131,60,63,53,63,86,103,116,122,58,59,60,58,62,79,108,119,59,53,59,64,64,66,103,117,56,61,56,57,64,62,1
230,247,247,230,227,188,231,62,135,163,186,212,218,223,157,100,211,63,43,67,85,100,81,97,252,204,43,34,41,66,69,92,182,246,173,37,78,61,60,75,125,180,245,102,76,61,59,66,110,127,152,245,85,56,58,72,90,121,124,177,227,73,53,57,1
131,137,142,146,151,154,146,154,135,134,133,140,133,147,176,178,163,172,171,169,182,210,211,192,155,168,198,225,229,197,165,195,155,146,152,169,166,144,150,206,171,165,156,143,167,208,191,166,189,185,188,178,194,226,189,143,188,185,195,206,192,187,176,145,2
255,255,255,255,255,255,255,255,255,255,255,255,255,255,255,255,255,255,255,255,255,255,255,255,255,255,255,255,255,255,255,255,255,255,255,255,255,255,255,255,254,254,254,254,254,254,254,255,254,254,254,254,254,255,255,255,255,255,255,255,255,255,255,255,0
76,68,179,134,98,83,110,118,56,68,106,187,102,103,119,174,70,92,90,119,182,120,172,100,30,79,76,76,140,192,113,59,67,72,80,100,103,178,120,54,66,66,110,160,174,126,206,147,67,89,172,177,217,210,139,244,83,161,169,219,231,223,197,96,1
124,161,150,150,144,103,67,48,128,131,158,151,126,73,59,70,117,122,141,124,80,59,55,139,98,116,127,91,65,53,69,184,87,118,103,71,57,53,134,197,77,94,71,58,54,99,180,193,70,67,68,53,119,221,206,139,65,69,56,77,143,191,145,59,1
150,147,152,145,155,160,151,156,149,141,140,149,151,165,166,154,154,151,150,162,155,149,181,173,168,158,161,153,162,170,165,150,165,171,164,158,147,155,154,155,166,156,166,161,141,135,131,139,157,141,150,141,140,134,145,130,143,126,145,134,131,127,125,121,1
243,243,243,244,244,244,244,244,244,244,245,245,245,245,245,245,245,245,245,245,245,245,245,245,246,246,246,246,246,246,246,246,248,248,248,248,248,248,248,248,249,249,249,249,249,249,249,249,249,249,249,249,249,249,250,250,250,250,250,250,250,250,251,251,2
255,255,255,255,255,255,255,255,255,255,255,255,255,255,255,255,255,255,255,255,255,255,255,255,255,255,255,255,255,255,255,255,255,255,255,255,255,255,255,255,255,255,255,255,255,255,255,255,255,255,255,255,255,255,255,255,255,255,255,255,255,255,255,255,2
255,255,255,255,255,255,255,255,255,255,255,255,255,255,255,255,255,255,255,255,255,255,255,255,255,255,255,255,255,255,255,255,255,255,255,255,255,255,255,255,255,255,255,255,255,255,255,255,255,255,255,255,255,255,255,255,255,255,255,255,255,255,255,255,2
255,255,255,255,255,255,255,255,255,255,255,255,255,255,255,255,255,255,255,255,255,255,255,255,255,255,255,255,255,255,255,255,255,255,255,255,255,255,255,255,255,255,255,255,255,255,255,255,255,255,255,255,255,255,255,255,255,255,255,255,255,255,255,255,0
255,255,255,255,255,255,255,255,255,255,255,255,255,255,255,255,255,255,255,255,255,255,255,255,255,255,255,255,255,255,255,255,255,255,255,255,255,255,255,255,255,255,255,255,255,255,255,255,255,255,255,255,255,255,255,255,255,255,255,255,255,255,255,255,0
102,100,127,151,156,184,223,235,93,102,138,130,171,202,236,245,68,117,135,114,163,206,234,234,71,119,124,126,161,197,218,235,80,98,119,135,165,188,205,232,71,85,113,145,162,175,194,211,73,83,102,151,162,165,186,204,77,79,97,129,150,167,185,204,1
110,69,80,113,129,138,154,150,58,63,68,83,106,120,127,176,55,54,73,70,95,110,111,132,48,53,71,69,75,88,95,109,42,47,58,68,79,80,96,97,42,43,54,57,71,77,110,91,34,48,48,53,58,73,70,47,30,34,45,49,52,58,47,32,1
255,255,255,255,255,255,255,255,255,255,255,255,255,255,255,255,255,255,255,255,255,255,255,255,255,255,255,255,255,255,255,255,255,255,255,255,255,255,255,255,255,255,255,255,255,255,255,255,255,255,255,255,255,255,255,255,255,255,255,255,255,255,255,255,2
253,246,245,241,229,228,233,225,246,251,248,251,251,242,237,236,252,255,249,250,253,252,251,238,236,242,243,251,252,252,248,226,198,209,216,232,243,243,247,245,166,172,180,196,213,228,240,244,162,157,150,147,167,196,212,218,123,126,112,104,135,155,156,175,2
166,164,155,155,183,213,215,209,164,164,160,170,183,186,182,176,154,159,162,179,183,174,175,174,148,156,163,172,172,169,174,173,147,155,163,163,162,164,162,158,145,151,158,157,159,161,156,152,146,152,151,149,152,151,147,143,148,158,150,146,146,141,140,133,2
68,75,65,65,61,53,52,50,52,72,64,66,65,55,54,47,104,59,69,63,58,57,52,51,174,106,72,79,58,55,53,45,74,145,180,184,98,53,49,44,88,83,127,170,116,72,51,42,89,85,88,101,180,121,75,49,94,90,87,89,96,169,189,91,1
167,178,178,173,174,174,177,187,173,171,172,178,179,170,178,202,169,159,163,184,193,183,191,217,195,179,172,185,198,202,209,222,221,211,203,202,207,213,214,210,231,224,215,203,194,198,206,205,211,209,209,199,182,176,178,176,195,191,194,188,172,163,160,154,2
141,160,169,181,186,189,167,157,126,159,162,165,183,185,166,180,105,128,159,170,166,167,171,176,95,102,130,144,148,155,168,173,77,86,102,114,135,140,148,164,74,78,87,96,118,127,136,148,64,70,74,84,113,125,122,123,59,62,69,69,76,96,108,109,1
255,255,255,255,255,255,255,255,255,255,255,255,255,255,255,255,255,255,255,255,255,255,255,255,255,255,255,255,255,255,255,255,255,255,255,255,255,255,255,255,255,255,255,255,255,255,255,255,255,255,255,255,255,255,255,255,255,255,255,255,255,255,255,255,2
62,98,87,49,30,28,29,28,72,81,100,33,27,25,23,31,71,80,91,32,26,29,27,26,90,93,59,38,29,24,25,30,93,103,50,30,29,32,30,29,90,106,44,36,36,33,29,33,87,112,44,36,29,33,33,30,79,92,43,38,37,36,33,33,1
58,59,54,55,60,83,139,154,58,55,55,49,61,91,145,157,54,54,56,52,59,100,153,157,56,57,50,58,69,122,162,150,52,59,50,61,91,144,161,156,48,54,55,68,122,160,155,163,55,52,61,98,152,167,157,158,57,60,79,142,164,157,164,161,0
255,255,255,255,255,255,255,255,255,255,255,255,255,255,255,255,255,255,255,255,255,255,255,255,255,255,255,255,255,255,255,255,255,255,255,255,255,255,255,255,255,255,255,255,255,255,255,255,255,255,255,255,255,255,255,255,255,255,255,255,255,255,255,255,2
29,29,25,21,21,38,38,30,35,34,29,23,20,33,33,28,40,37,33,26,21,27,25,23,41,37,35,30,25,23,19,20,44,38,36,32,28,22,17,19,49,41,38,32,30,21,18,23,50,42,38,32,31,22,21,29,48,41,39,32,32,23,24,33,1
22,25,25,21,22,21,21,32,40,30,23,21,22,24,22,25,47,33,30,29,26,27,25,23,46,36,34,31,27,27,26,25,56,46,35,29,30,32,29,28,68,51,36,31,36,37,31,30,80,52,35,34,36,35,31,29,101,58,36,37,36,35,35,33,1
255,255,255,255,255,255,255,255,255,255,255,255,255,255,255,255,255,255,255,255,255,255,255,255,255,255,255,255,255,255,255,255,255,255,255,255,255,255,255,255,255,255,255,255,255,255,255,255,255,255,255,255,255,255,255,255,255,255,255,255,255,255,255,255,2
255,255,255,255,255,255,255,255,255,255,255,255,255,255,255,255,255,255,255,255,255,255,255,255,255,255,255,255,255,255,255,255,255,255,255,255,255,255,255,255,255,255,255,255,255,255,255,255,255,255,255,255,255,255,255,255,255,255,255,255,255,255,255,255,2
60,65,71,37,56,163,184,196,50,58,37,31,94,115,132,96,52,42,36,38,98,118,169,214,49,62,45,45,64,122,201,91,86,120,65,43,60,104,148,105,128,140,59,53,60,81,104,111,116,95,58,47,57,73,96,148,110,81,47,47,52,78,82,121,1
254,239,224,227,115,39,38,42,252,243,240,228,209,47,39,34,247,245,236,232,220,148,161,114,232,234,236,178,177,195,174,187,213,198,193,208,189,189,176,207,171,201,196,199,197,179,179,176,204,212,207,199,186,189,180,142,204,200,189,198,172,190,169,133,1
255,255,255,255,255,255,255,255,254,254,254,254,254,255,255,255,255,255,255,255,255,255,255,255,254,254,255,255,255,255,255,255,254,254,254,255,255,254,254,254,255,255,255,254,254,254,255,255,253,253,253,254,254,254,254,254,255,255,255,254,250,246,242,239,2
253,253,254,254,254,255,255,255,253,253,254,254,254,255,255,255,254,254,254,254,254,255,255,255,255,255,255,255,255,255,255,255,255,255,255,255,255,255,255,255,255,255,255,255,255,255,255,255,255,255,255,255,255,255,255,255,255,255,255,255,255,255,255,255,2
185,182,178,175,171,166,161,157,186,183,179,176,173,169,164,160,187,184,180,177,174,171,166,163,190,187,182,179,176,172,168,165,193,189,185,181,179,175,171,168,194,191,187,184,181,178,174,171,196,193,190,187,185,182,178,175,199,197,193,191,189,186,182,179,2
255,255,255,255,255,255,255,255,255,255,255,255,255,255,255,255,255,255,255,255,255,255,255,255,255,255,255,255,255,255,255,255,255,255,255,255,255,255,255,255,255,255,255,255,255,255,255,255,255,255,255,255,255,255,255,255,255,255,255,255,255,255,255,255,0
255,255,255,255,255,255,255,255,255,255,255,255,255,255,255,255,255,255,255,255,255,255,255,255,255,255,255,255,255,255,255,255,255,255,255,255,255,255,255,255,255,255,255,255,255,255,255,255,255,255,255,255,255,255,255,255,255,255,255,255,255,255,255,255,2
251,251,251,251,251,251,251,251,252,252,252,252,252,252,252,252,253,253,253,253,253,253,253,253,253,253,253,253,253,253,253,253,253,253,253,253,253,253,253,253,254,254,254,254,254,254,254,254,255,255,255,255,255,255,255,255,255,255,255,255,255,255,255,255,2
89,85,90,98,106,125,132,118,87,87,88,91,99,107,102,89,75,86,90,91,94,86,68,56,83,90,87,76,64,49,35,30,42,42,40,33,24,21,26,31,44,37,36,32,22,20,25,26,45,36,32,29,21,19,23,25,42,36,32,29,22,18,20,26,1
180,152,147,151,138,119,98,106,161,142,135,132,123,120,87,74,153,127,124,122,108,100,89,84,147,144,118,108,93,81,68,61,131,130,115,108,92,80,56,105,129,103,91,102,89,51,101,225,109,106,96,76,41,70,210,251,105,84,63,44,90,201,255,254,2
153,131,119,132,116,91,121,124,133,139,86,130,116,81,113,130,144,114,82,119,122,121,122,105,129,123,115,117,121,118,109,94,135,115,114,126,107,110,111,84,138,107,103,116,104,116,111,87,122,120,100,99,96,99,101,81,107,126,103,91,79,85,88,81,0
255,255,255,255,255,255,255,255,255,255,255,255,255,255,255,255,255,255,255,255,255,255,255,255,255,255,255,255,255,255,255,255,255,255,255,255,255,255,255,255,255,255,255,255,255,255,255,255,255,255,255,255,255,255,255,255,255,255,255,255,255,255,255,255,2
255,255,255,255,255,255,255,255,255,255,255,255,255,255,255,255,255,255,255,255,255,255,255,255,255,255,255,255,255,255,255,255,255,255,255,255,255,255,255,255,255,255,255,255,255,255,255,255,255,255,255,255,255,255,255,255,255,255,255,255,255,255,255,255,2
255,255,255,255,255,255,255,255,255,255,255,255,255,255,255,255,255,255,255,255,255,255,255,255,255,255,255,255,255,255,255,255,255,255,255,255,255,255,255,255,255,255,255,255,255,255,255,255,255,255,255,255,255,255,255,255,255,255,255,255,255,255,255,255,2
133,139,159,192,223,235,223,202,132,140,163,187,215,229,210,186,135,140,151,158,185,211,195,170,129,139,152,158,174,190,186,178,124,131,142,166,182,182,185,187,122,125,125,151,180,188,190,185,116,123,123,139,167,186,193,188,118,114,109,121,151,175,184,189,2
255,255,251,255,255,253,253,255,252,255,255,251,254,255,254,255,252,251,254,254,255,255,255,253,255,255,253,254,254,251,255,255,248,255,254,252,255,255,253,255,255,250,254,255,252,255,253,255,238,255,255,255,248,255,255,255,161,253,255,252,255,255,254,254,2
174,172,162,148,154,142,111,82,183,162,169,157,160,186,164,159,177,179,169,164,158,148,171,162,179,178,181,166,145,156,170,162,203,172,186,179,168,150,154,149,216,191,160,200,179,135,131,135,96,183,187,179,176,177,117,134,53,123,159,209,180,192,105,110,1
255,255,255,255,255,255,255,255,255,255,255,255,255,255,255,255,255,255,255,255,255,255,255,255,255,255,255,255,255,255,255,255,255,255,255,255,255,255,255,255,255,255,255,255,255,255,255,255,255,255,255,255,255,255,255,255,255,255,255,255,255,255,255,255,2
39,53,63,66,75,76,81,88,47,47,62,61,66,75,79,88,49,54,58,91,185,192,97,88,50,56,63,71,136,204,214,146,53,50,58,75,103,179,188,98,53,58,63,66,85,131,92,55,64,66,64,68,73,67,58,46,64,65,62,99,62,51,52,44,1
15,14,16,16,15,22,35,26,17,15,16,14,12,12,20,15,15,14,15,15,15,11,16,16,18,17,18,17,18,14,16,17,19,19,19,14,18,16,15,14,20,20,21,14,18,19,18,16,27,25,26,19,19,20,17,15,28,24,27,21,19,19,17,16,1
23,22,30,40,49,52,54,63,21,24,31,37,45,51,53,59,24,23,29,39,47,52,60,74,23,19,25,36,45,51,65,87,22,22,27,31,38,49,65,85,24,23,26,31,37,45,58,75,26,19,21,28,34,37,45,60,28,24,22,23,29,36,40,47,1
255,255,255,255,255,255,255,255,255,255,255,255,255,255,255,255,255,255,255,255,255,255,255,255,255,255,255,255,255,255,255,255,255,255,255,255,255,255,255,255,255,255,255,255,255,255,255,255,255,255,255,255,255,255,255,255,255,255,255,255,255,255,255,255,0
90,104,89,88,178,209,223,216,101,103,123,148,197,201,216,202,98,128,159,168,201,201,216,193,101,193,193,173,165,195,200,184,105,213,219,197,183,189,185,158,146,219,214,213,197,180,159,145,172,208,211,207,205,164,147,153,190,195,198,203,198,167,148,163,1
223,219,219,218,222,228,223,214,213,205,201,199,206,215,212,206,199,191,189,194,207,216,209,201,186,186,193,204,217,221,212,205,187,193,202,210,219,219,212,209,205,207,209,212,221,222,210,204,214,210,205,206,219,222,206,195,207,203,196,194,207,211,199,190,2
255,255,255,254,254,255,255,254,253,254,255,255,252,253,255,255,254,254,252,255,255,252,255,254,237,254,253,253,255,253,255,252,194,242,255,251,252,253,255,253,164,213,245,255,255,255,254,255,174,193,220,241,251,252,254,255,197,192,202,213,223,244,255,253,2
48,40,41,38,36,30,31,27,47,43,36,37,31,30,28,28,43,44,35,34,27,23,24,26,34,39,36,30,28,17,23,25,39,44,43,37,33,20,20,20,50,52,49,46,35,27,16,13,54,54,56,49,34,28,15,15,68,65,74,56,38,26,18,19,1
255,255,255,255,255,255,255,255,255,255,255,255,255,255,255,255,255,255,255,255,255,255,255,255,255,255,255,255,255,255,255,255,255,255,255,255,255,255,255,255,255,255,255,255,255,255,255,255,255,255,255,255,255,255,255,255,255,255,255,255,255,255,255,255,0
168,167,169,170,175,165,160,161,157,154,158,161,154,152,154,153,155,152,149,156,154,153,151,157,154,160,154,148,145,148,151,159,166,152,146,143,141,141,146,146,201,175,153,142,146,145,146,142,216,217,191,154,143,148,151,149,199,209,206,185,156,150,150,147,2
147,120,97,80,77,75,76,77,157,129,102,77,67,62,64,65,167,141,110,76,57,49,50,51,172,151,119,78,50,41,41,42,174,157,124,79,44,34,34,36,172,158,126,79,39,29,29,32,162,152,124,80,40,30,28,31,150,144,120,81,42,32,29,32,2
14,17,16,26,39,47,55,55,18,16,16,28,39,44,50,57,23,16,16,25,37,43,47,55,25,19,18,19,31,44,46,51,25,23,22,18,25,39,44,50,26,25,24,21,22,27,35,47,27,27,24,24,21,18,26,36,30,30,23,24,23,18,22,25,1
86,93,83,89,94,99,106,115,85,95,92,90,86,97,110,110,84,97,96,89,87,102,110,105,86,95,90,83,89,95,93,95,96,90,87,85,88,86,85,97,116,91,93,95,90,88,92,101,119,94,103,101,92,91,93,93,99,93,110,102,96,97,95,95,2
255,255,255,255,255,255,255,255,255,255,255,255,255,255,255,255,255,255,255,255,255,255,255,255,255,255,255,255,255,255,255,255,255,255,255,255,255,255,255,255,255,255,255,255,255,255,255,255,255,255,255,255,255,255,255,255,255,255,255,255,255,255,255,255,0
255,255,255,255,255,255,255,255,255,255,255,255,255,255,255,255,255,255,255,255,255,255,255,255,255,255,255,255,255,255,255,255,255,255,255,255,255,255,255,255,255,255,255,255,255,255,255,255,255,255,255,255,255,255,255,255,255,255,255,255,255,255,255,255,2
155,152,156,165,174,187,197,196,156,158,156,153,159,167,169,172,162,175,172,154,157,167,168,177,200,204,196,174,165,165,171,194,219,220,211,189,177,179,190,206,227,227,219,207,198,198,201,201,230,222,213,219,218,207,207,210,231,233,216,211,215,215,221,219,2
115,101,80,80,72,94,83,48,160,101,97,106,73,74,96,113,128,73,58,78,100,105,83,45,88,99,59,40,48,30,33,26,91,57,47,33,26,30,28,30,44,33,31,28,29,31,25,28,37,36,34,28,29,29,29,33,33,31,30,32,32,27,35,28,1
130,131,122,117,86,76,83,86,136,130,126,121,96,84,70,70,127,118,118,123,107,87,65,68,108,112,109,117,112,93,74,68,104,102,98,111,119,103,84,83,92,91,105,121,133,118,84,84,97,103,111,107,119,122,95,84,100,99,98,107,125,121,99,86,2
255,255,255,255,255,255,255,255,255,255,255,255,255,255,255,255,255,255,255,255,255,255,255,255,255,255,255,255,255,255,255,255,255,255,255,255,255,255,255,255,255,255,255,255,255,255,255,255,255,255,255,255,255,255,255,255,255,255,255,255,255,255,255,255,0
255,255,255,255,255,255,255,255,255,255,255,255,255,255,255,255,255,255,255,255,255,255,255,255,255,255,255,255,255,255,255,255,255,255,255,255,255,255,255,255,255,255,255,255,255,255,255,255,255,255,255,255,255,255,255,255,255,255,255,255,255,255,255,255,2
54,70,78,92,106,123,126,146,41,48,57,61,79,82,85,81,30,30,35,45,56,56,52,32,31,25,25,32,24,24,25,19,23,24,25,22,24,17,15,19,23,26,22,21,16,16,16,16,171,148,68,30,23,18,15,21,79,85,108,139,128,108,125,91,1
255,251,255,250,249,244,225,142,254,255,250,253,242,243,206,137,253,251,250,244,240,222,146,130,246,230,168,120,95,91,134,117,125,89,67,62,58,53,129,95,73,64,55,48,52,52,127,110,70,65,57,49,47,54,107,96,71,53,50,48,47,50,74,77,0
175,191,206,222,228,225,71,30,158,168,185,205,220,231,119,40,151,155,165,181,195,220,172,62,146,151,157,168,175,199,192,83,143,148,149,157,163,180,190,118,137,145,144,151,155,165,181,158,129,139,144,151,154,158,168,174,134,135,138,144,149,156,163,176,2
160,156,150,147,152,168,172,148,157,159,157,153,148,156,165,157,153,158,162,164,159,156,156,153,162,161,160,163,164,160,157,157,158,161,165,168,167,160,155,157,159,160,163,163,160,155,151,155,161,156,159,162,162,156,143,139,174,159,153,155,158,155,143,137,2
36,32,33,32,43,75,71,141,107,67,36,32,27,69,75,66,139,112,65,33,30,44,72,60,139,113,88,52,32,38,65,72,162,94,75,59,44,30,49,71,187,113,67,64,46,37,37,67,224,241,75,63,41,36,40,55,210,252,97,57,43,31,33,39,1
237,196,189,181,165,171,171,197,132,224,185,170,196,210,219,187,52,167,180,230,231,192,86,39,56,97,75,77,53,48,38,41,59,56,55,51,48,43,43,47,65,64,60,69,59,54,43,45,70,63,65,59,51,53,52,53,84,73,80,61,58,63,55,53,1
163,164,79,43,74,74,95,84,166,106,44,79,91,97,95,88,103,51,58,78,96,111,93,78,47,59,70,66,82,108,108,75,58,73,84,72,71,70,90,73,71,65,68,74,73,80,76,78,82,80,71,69,77,76,87,87,97,82,67,71,67,77,77,83,0
43,38,104,247,187,223,218,146,47,38,100,216,218,238,165,142,39,40,62,206,242,224,161,106,43,43,174,246,244,182,123,32,40,132,246,244,216,118,34,25,48,218,247,199,46,29,25,25,107,232,247,77,28,26,24,26,130,229,224,51,30,27,28,24,1
255,255,255,255,255,255,255,255,255,255,255,255,255,255,255,255,255,255,255,255,255,255,255,255,255,255,255,255,255,255,255,255,255,255,255,255,255,255,255,255,255,255,255,255,255,255,255,255,255,255,255,255,255,255,255,255,255,255,255,255,255,255,255,255,2
29,71,146,160,176,191,180,201,107,133,147,153,155,183,176,199,103,120,135,166,171,160,175,202,98,98,123,158,163,170,168,195,95,88,92,122,151,152,153,160,77,90,88,101,139,147,125,113,73,73,67,78,127,118,125,110,71,64,59,62,80,98,118,119,1
21,29,39,40,40,41,40,40,34,39,46,43,39,38,38,42,43,40,38,35,35,39,44,50,37,34,37,39,43,49,52,59,35,36,43,46,49,55,63,74,42,42,47,51,57,67,79,92,47,50,58,67,76,84,90,96,53,58,68,74,79,84,88,94,2
44,54,130,196,253,241,116,70,42,36,140,56,85,118,58,42,32,34,39,37,33,48,51,44,41,30,35,28,30,49,61,37,35,62,30,33,31,39,55,48,49,99,33,22,22,31,40,19,40,33,30,27,27,29,18,26,30,31,22,24,25,23,28,70,1
120,92,122,135,135,120,86,80,120,81,128,143,138,121,102,102,120,75,123,141,144,117,90,85,89,92,135,135,135,117,84,74,89,116,139,136,123,106,75,73,99,99,103,124,117,101,74,75,85,79,82,95,94,90,72,67,68,64,69,68,73,72,62,62,0
226,185,179,168,86,62,68,16,194,184,177,131,73,90,113,25,177,173,152,78,74,133,114,34,174,154,91,85,135,146,92,37,141,96,76,106,163,140,60,40,102,75,82,135,153,134,42,37,73,76,117,138,131,69,34,42,77,93,117,114,82,40,40,41,1
255,255,255,255,255,255,255,255,255,255,255,255,255,255,255,255,255,255,255,255,255,255,255,255,255,255,255,255,255,255,255,255,255,255,255,255,255,255,255,255,255,255,255,255,255,255,255,255,255,255,255,255,255,255,255,255,255,255,255,255,255,255,255,255,2
255,255,255,255,255,255,255,255,255,255,255,255,255,255,255,255,255,255,255,255,255,255,255,255,255,255,255,255,255,255,255,255,255,255,255,255,255,255,255,255,255,255,255,255,255,255,255,255,255,255,255,255,255,255,255,255,255,255,255,255,255,255,255,255,2
47,68,46,59,63,78,63,75,45,36,42,55,50,75,75,74,57,34,37,40,47,67,80,96,59,38,36,34,44,80,77,99,100,48,34,32,42,40,74,66,89,83,41,33,38,47,77,69,104,94,82,56,37,50,67,77,73,98,90,80,69,52,60,76,1
88,226,242,248,242,82,138,146,121,239,241,238,252,121,104,224,140,229,241,236,250,181,92,228,149,229,229,236,240,230,83,197,157,216,227,240,228,244,115,238,176,219,223,253,252,254,149,199,125,138,233,253,255,240,183,183,106,103,142,230,230,234,189,200,1
153,111,116,114,106,99,97,91,114,98,92,92,77,88,81,59,98,85,82,86,70,61,67,77,84,83,74,77,110,105,91,119,54,54,57,76,96,106,146,231,63,88,82,64,105,193,255,253,94,75,86,156,240,255,255,250,79,128,206,255,254,254,251,251,2
222,220,218,216,216,216,215,214,223,222,221,220,219,218,217,216,223,223,223,223,221,220,219,219,223,223,223,223,223,222,221,221,225,224,223,223,224,224,223,222,227,225,224,223,224,224,223,222,228,227,225,225,224,224,224,223,228,228,228,227,226,226,226,226,2
76,73,82,64,27,33,66,76,154,93,84,61,45,65,76,83,173,133,79,66,63,77,80,75,231,154,32,48,85,83,88,70,210,197,119,54,81,84,63,36,199,186,153,83,86,87,39,31,181,182,175,148,86,62,36,29,191,208,170,160,100,45,34,33,1
250,250,250,250,250,252,252,252,250,251,251,252,253,254,254,254,251,252,253,253,254,255,255,255,253,253,254,254,254,255,255,255,254,255,254,254,254,254,255,254,255,255,255,254,254,255,255,255,255,255,255,255,255,255,255,255,254,255,255,255,255,255,255,254,0
71,79,79,84,89,93,107,118,71,72,73,77,80,81,90,100,73,70,72,75,77,83,89,94,68,64,69,70,75,89,96,100,83,76,78,75,73,79,81,85,90,83,84,86,82,76,76,82,88,88,87,90,88,80,79,82,78,87,86,88,91,89,90,89,2
254,254,255,254,255,245,198,143,254,254,255,254,255,247,203,149,254,254,254,254,255,250,211,159,255,254,254,254,255,252,219,168,255,255,254,255,255,254,226,177,255,255,254,255,254,254,233,186,255,255,254,255,253,255,239,195,254,255,254,255,253,255,243,200,2
255,255,255,255,255,255,255,255,255,255,255,255,255,255,255,255,255,255,255,255,255,255,255,255,255,255,255,255,255,255,255,255,255,255,255,255,255,255,255,255,255,255,255,255,255,255,255,255,255,255,255,255,255,255,255,255,255,255,255,255,255,255,255,255,2
74,73,65,65,57,64,51,52,71,60,63,56,60,83,55,54,58,54,56,54,54,61,49,52,55,58,49,55,55,47,52,49,55,55,54,50,53,52,48,45,52,50,57,55,53,49,41,45,56,53,54,62,60,50,43,46,55,57,60,58,49,42,31,36,0
255,255,255,255,255,255,255,255,255,255,255,255,255,255,255,255,255,255,255,255,255,255,255,255,255,255,255,255,255,255,255,255,255,255,255,255,255,255,255,255,255,255,255,255,255,255,255,255,255,255,255,255,255,255,255,255,255,255,255,255,255,255,255,255,0
229,232,238,237,232,243,244,243,241,247,250,249,249,250,253,249,253,248,249,251,253,242,240,241,240,236,246,239,236,236,221,210,234,222,221,206,189,196,189,179,205,194,184,182,160,150,149,141,167,163,142,132,116,102,97,81,99,91,75,69,71,56,41,29,2
214,202,209,202,218,202,197,199,202,213,208,207,202,205,207,202,205,212,209,219,201,208,210,212,199,208,208,223,210,205,212,193,211,197,208,206,205,211,214,203,207,196,200,202,203,207,210,199,221,213,212,197,197,216,209,197,224,214,207,201,207,216,213,203,1
24,37,38,33,49,49,57,65,19,22,19,29,20,20,42,58,26,22,24,22,28,28,45,83,21,18,24,24,26,30,54,116,23,21,26,25,32,68,115,131,24,27,27,32,57,93,109,144,25,23,50,50,58,113,113,139,28,39,97,45,59,71,101,125,1
248,140,98,91,89,82,75,88,248,97,85,89,80,76,76,71,204,72,69,75,73,70,67,64,84,59,67,67,69,73,65,66,37,48,54,60,59,63,60,63,32,25,30,45,52,55,54,59,29,28,26,22,25,35,42,47,32,34,27,32,27,28,27,25,1
255,255,255,255,255,255,255,255,255,255,255,255,255,255,255,255,255,255,255,255,255,255,255,255,255,255,255,255,255,255,255,255,255,255,255,255,255,255,255,255,255,255,255,255,255,255,255,255,255,255,255,255,255,255,255,255,255,255,255,255,255,255,255,255,0
34,34,40,44,44,41,37,39,45,43,45,43,48,58,49,43,49,49,59,59,53,56,46,54,56,53,52,51,53,66,59,58,46,54,58,62,58,60,61,63,54,54,53,59,59,53,62,68,43,50,57,55,60,61,67,64,48,49,60,55,61,60,66,68,1
21,19,28,26,25,36,38,43,27,29,28,31,36,32,36,45,38,38,35,36,44,43,48,50,54,47,54,47,39,45,48,50,65,53,47,47,52,58,53,62,38,45,55,64,60,52,55,63,45,58,66,63,68,64,96,134,173,79,75,79,74,92,128,106,1
68,30,52,78,94,97,98,98,45,27,43,82,95,101,96,97,29,23,32,72,89,96,95,103,23,23,28,49,80,92,96,101,17,22,29,30,64,88,93,92,19,21,25,25,40,64,78,92,25,21,21,25,24,39,59,73,25,22,21,25,25,34,46,34,1
84,70,71,73,66,71,81,74,86,72,73,71,66,66,79,78,82,64,68,70,70,66,76,85,79,62,72,72,70,64,60,76,80,65,70,66,78,96,71,67,74,67,65,59,83,122,90,67,68,71,72,65,70,87,73,63,67,67,68,73,67,56,57,63,2
181,84,43,37,33,32,88,143,56,35,34,36,33,153,176,113,39,41,29,45,166,182,185,68,40,41,39,108,208,201,188,82,45,41,45,51,136,215,217,174,47,46,53,52,84,187,188,85,55,55,59,98,151,104,82,73,57,64,104,141,147,117,88,176,1
253,253,253,253,253,253,253,253,253,253,253,253,253,253,253,253,254,254,254,254,254,254,254,254,254,254,254,254,254,254,254,254,254,254,254,254,254,254,254,254,254,254,254,254,254,254,254,254,255,255,255,255,255,255,255,255,255,255,255,255,255,255,255,255,2
60,128,200,99,101,112,124,172,42,45,74,196,217,234,242,234,40,39,40,54,85,150,242,246,27,38,44,45,46,49,69,148,29,26,26,41,48,45,61,63,21,29,25,48,70,79,33,36,26,25,31,38,53,66,76,45,28,33,46,69,71,74,95,88,1
255,255,255,255,255,255,255,255,255,255,255,255,255,255,255,255,255,255,255,255,255,255,255,255,255,255,255,255,255,255,255,255,255,255,255,255,255,255,255,255,255,255,255,255,255,255,255,255,255,255,255,255,255,255,255,255,255,255,255,255,255,255,255,255,0
66,68,64,67,71,72,77,77,61,62,60,65,70,71,74,78,61,59,60,64,68,69,70,76,59,57,61,62,66,68,66,73,54,55,59,58,61,66,64,68,52,56,58,56,58,62,62,64,52,56,55,55,56,56,59,60,48,52,50,53,54,52,57,59,1
35,62,59,46,48,50,53,52,33,80,157,145,69,44,46,52,57,41,126,135,60,34,49,43,72,48,32,24,29,28,30,36,74,50,46,87,51,37,46,45,75,63,47,75,61,59,60,61,75,74,57,53,61,63,64,64,79,77,63,59,65,66,68,68,0
255,255,255,255,255,255,255,255,255,255,255,255,255,255,255,255,255,255,255,255,255,255,255,255,255,255,255,255,255,255,255,255,255,255,255,255,255,255,255,255,255,255,255,255,255,255,255,255,255,255,255,255,255,255,255,255,255,255,255,255,255,255,255,255,0
255,255,255,255,255,255,255,255,255,255,255,255,255,255,255,255,255,255,255,255,255,255,255,255,255,255,255,255,255,255,255,255,255,255,255,255,255,255,255,255,255,255,255,255,255,255,255,255,255,255,255,255,255,255,255,255,255,255,255,255,255,255,255,255,2
69,36,42,45,51,62,69,76,45,36,59,79,58,66,75,78,24,37,82,114,100,52,77,71,23,38,108,175,90,53,77,69,42,34,177,249,80,58,65,67,35,41,189,252,106,65,54,63,32,30,180,250,86,47,47,123,23,19,191,252,69,45,157,175,1
255,255,255,255,255,255,255,255,255,255,255,255,255,255,255,255,255,255,255,255,255,255,255,255,255,255,255,255,255,255,255,255,255,255,255,255,255,255,255,255,255,255,255,255,255,255,255,255,255,255,255,255,255,255,255,255,255,255,255,255,255,255,255,255,0
218,213,216,223,232,228,210,203,158,144,148,166,173,164,151,136,103,92,90,102,110,104,101,85,89,85,79,77,84,78,77,74,83,74,69,64,66,62,65,77,78,65,66,65,60,64,67,71,63,58,57,62,56,60,53,45,54,50,35,44,45,46,42,44,2
224,224,222,223,227,222,209,207,85,215,242,241,247,241,238,236,53,71,167,251,255,252,247,250,47,50,60,117,241,254,249,249,51,55,48,51,72,151,217,230,51,58,51,46,44,51,86,139,50,49,44,43,42,38,25,32,54,50,40,36,39,28,21,26,1
189,194,195,201,195,200,195,199,181,190,198,200,194,193,191,193,174,179,188,189,186,184,188,190,173,168,168,171,173,175,185,190,176,166,155,156,157,170,186,191,178,169,151,142,141,162,189,195,175,164,147,136,135,151,183,190,170,155,145,138,139,141,169,174,2
253,254,174,138,136,126,115,103,255,232,153,147,120,103,101,91,255,209,121,110,104,102,100,88,252,218,124,102,91,103,89,86,235,129,111,112,91,102,86,84,176,80,122,115,115,93,78,95,121,101,128,123,126,98,89,81,131,107,125,118,134,105,85,88,0
255,255,255,255,255,255,255,255,255,255,255,255,255,255,255,255,255,255,255,255,255,255,255,255,255,255,255,255,255,255,255,255,255,255,255,255,255,255,255,255,255,255,255,255,255,255,255,255,255,255,255,255,255,255,255,255,255,255,255,255,255,255,255,255,0
255,255,255,255,255,255,255,255,255,255,255,255,255,255,255,255,255,255,255,255,255,255,255,255,255,255,255,255,255,255,255,255,255,255,255,255,255,255,255,255,255,255,255,255,255,255,255,255,255,255,255,255,255,255,255,255,255,255,255,255,255,255,255,255,0
255,255,255,255,255,255,255,255,255,255,255,255,255,255,255,255,255,255,255,255,255,255,255,255,255,255,255,255,255,255,255,255,255,255,255,255,255,255,255,255,255,255,255,255,255,255,255,255,255,255,255,255,255,255,255,255,255,255,255,255,255,255,255,255,0
227,231,230,221,209,195,179,168,204,209,212,208,200,189,175,163,176,180,182,181,179,174,167,159,165,167,166,164,162,161,158,155,163,165,164,160,155,151,147,143,161,161,160,155,149,143,137,132,159,157,154,149,143,137,130,125,155,153,149,144,139,131,121,114,2
234,236,238,239,239,240,239,239,239,241,242,242,243,243,243,244,244,244,245,247,247,246,246,247,245,245,247,249,250,248,248,248,247,247,247,249,249,249,248,249,246,247,247,247,247,247,247,246,243,246,247,246,246,246,243,239,240,245,248,248,247,246,240,233,2
212,213,227,225,220,198,203,234,208,213,218,217,199,202,212,218,214,223,211,199,212,215,216,207,202,201,196,210,214,221,214,198,199,200,206,216,205,207,206,203,186,212,218,207,215,208,205,216,216,229,214,204,204,214,213,208,217,213,204,202,209,208,205,167,1
192,194,194,193,189,182,190,210,181,184,184,183,179,174,183,202,175,175,173,170,167,165,176,195,170,169,166,162,159,158,167,182,162,162,162,160,157,153,155,161,156,156,156,155,152,148,148,148,147,147,148,147,144,143,144,145,134,137,141,142,139,140,141,141,2
255,255,255,255,255,255,255,255,255,255,255,255,255,255,255,255,255,255,255,255,255,255,255,255,255,255,255,255,255,255,255,255,255,255,255,255,255,255,255,255,255,255,255,255,255,255,255,255,255,255,255,255,255,255,255,255,255,255,255,255,255,255,255,255,0
142,162,206,222,214,216,223,205,218,221,220,216,215,220,222,220,220,225,220,223,228,230,224,228,232,232,232,234,232,233,234,236,238,235,239,240,239,240,244,240,250,250,250,245,249,248,251,250,251,255,255,255,255,255,253,255,255,255,252,255,252,255,254,255,0
221,210,93,102,107,98,101,97,236,212,125,101,110,99,97,87,220,108,103,105,97,101,85,80,101,102,102,102,91,81,85,83,106,105,94,86,87,82,127,128,100,88,90,87,94,137,146,133,90,88,85,101,139,127,147,138,84,89,111,151,159,150,146,148,1
51,72,80,79,101,172,175,153,18,41,66,135,182,166,145,114,25,167,181,183,162,147,87,72,60,192,210,178,142,68,63,99,112,159,169,168,69,59,77,123,149,149,167,227,98,90,178,178,118,79,94,117,98,212,220,239,53,67,107,208,189,201,221,236,1
87,71,61,83,90,87,94,85,92,85,72,79,82,86,84,78,93,90,87,85,74,82,82,76,90,96,90,84,78,72,66,70,93,88,87,89,86,79,81,71,93,93,87,82,87,77,77,69,95,87,91,87,82,79,83,75,100,87,90,88,82,81,75,74,1
53,56,177,253,234,237,250,241,61,129,253,247,244,238,236,231,64,241,250,250,239,234,246,247,211,245,230,240,235,241,238,241,248,244,246,241,240,237,239,242,254,241,241,236,237,248,239,244,249,251,246,237,250,233,247,240,253,251,245,236,239,247,234,248,1
255,254,253,254,255,255,253,252,252,254,255,255,254,249,244,241,255,251,245,241,238,229,214,202,242,235,224,211,196,178,161,152,201,187,170,160,154,155,162,171,166,159,155,160,169,178,188,196,174,178,185,192,199,207,218,225,202,206,210,214,221,229,233,232,2
20,16,17,14,9,14,13,17,20,17,10,15,15,14,18,13,17,19,26,29,41,38,19,20,19,18,19,21,20,23,37,36,19,24,17,17,20,20,24,20,24,20,24,26,19,27,25,18,38,58,45,50,39,27,26,30,45,59,53,68,69,58,31,30,1
255,255,255,255,255,255,255,255,255,255,255,255,255,255,255,255,255,255,255,255,255,255,255,255,255,255,255,255,255,255,255,255,255,255,255,255,255,255,255,255,255,255,255,255,255,255,255,255,255,255,255,255,255,255,255,255,255,255,255,255,255,255,255,255,0
47,55,75,83,79,100,111,122,48,58,58,67,61,83,98,130,42,57,53,62,69,65,94,111,44,41,53,50,54,68,85,108,36,35,59,50,55,65,82,115,36,36,43,45,76,64,72,88,32,34,36,37,44,50,46,84,30,35,38,39,41,49,55,80,1
126,142,130,74,87,77,59,61,140,141,119,74,75,88,57,66,151,146,101,72,84,80,58,60,137,154,104,72,79,86,60,60,161,162,93,68,75,68,61,60,174,170,89,70,83,70,85,63,171,165,83,76,73,66,53,62,179,176,64,48,61,59,47,62,1
249,249,249,249,249,250,250,250,250,250,250,250,250,250,250,250,252,252,252,252,252,252,252,252,253,253,253,253,253,253,253,253,254,254,253,253,253,253,253,253,254,254,254,254,254,254,254,254,255,255,255,255,255,255,255,255,255,255,255,255,255,255,255,255,2
84,87,89,94,111,113,61,70,85,87,90,94,99,142,71,69,72,80,88,91,100,107,141,59,86,80,85,89,87,95,123,87,91,76,82,84,84,92,100,159,89,91,72,85,89,83,90,113,85,91,89,71,80,88,91,98,87,81,92,87,72,81,80,90,1
255,255,255,255,255,255,255,255,255,255,255,255,255,255,255,255,255,255,255,255,255,255,255,255,255,255,255,255,255,255,255,255,255,255,255,255,255,255,255,255,255,255,255,255,255,255,255,255,255,255,255,255,255,255,255,255,255,255,255,255,255,255,255,255,0
255,255,255,255,255,255,255,255,255,255,255,255,255,255,255,255,255,255,255,255,255,255,255,255,255,255,255,255,255,255,255,255,255,255,255,255,255,255,255,255,255,255,255,255,255,255,255,255,255,255,255,255,255,255,255,255,255,255,255,255,255,255,255,255,2
161,142,126,131,127,108,99,99,136,127,112,117,128,109,92,95,145,130,119,115,123,108,95,97,163,143,127,109,112,104,97,97,166,158,138,107,109,106,100,99,167,170,161,125,104,102,105,98,166,166,172,150,105,90,100,91,162,160,170,168,127,96,96,94,2
69,77,75,73,78,79,85,78,69,69,72,78,78,80,83,82,70,75,73,73,77,84,73,70,78,74,79,86,78,74,69,64,80,80,71,73,78,65,59,56,71,72,72,74,69,54,47,25,51,54,50,47,38,21,20,27,29,31,34,34,27,28,26,28,1
214,211,199,215,209,188,206,201,224,210,217,208,184,169,179,187,216,208,232,213,195,192,184,171,195,188,213,224,221,198,184,167,176,202,220,216,214,200,197,168,168,196,212,204,203,196,197,179,167,178,192,193,196,195,196,186,175,178,185,186,184,189,198,188,2
255,255,255,255,255,255,255,255,255,255,255,255,255,255,255,255,255,255,255,255,255,255,255,255,255,255,255,255,255,255,255,255,255,255,255,255,255,255,255,255,255,255,255,255,255,255,255,255,255,255,255,255,255,255,255,255,255,255,255,255,255,255,255,255,2
36,29,30,34,27,22,27,32,26,32,28,25,29,29,86,117,24,24,25,29,55,104,106,80,26,23,25,56,99,111,90,77,22,33,56,43,107,100,79,82,40,44,23,99,111,92,92,86,30,26,95,114,90,101,89,121,23,98,121,102,102,99,180,223,1
181,177,181,199,219,251,254,253,161,167,182,187,213,239,240,255,151,165,181,189,198,202,222,239,145,153,165,202,182,212,210,215,133,134,150,157,184,191,216,202,86,109,147,143,171,174,180,213,72,89,85,106,124,146,150,181,65,78,74,90,99,143,189,207,1
141,146,152,143,147,147,144,147,123,127,123,123,135,150,168,163,115,118,106,109,131,156,193,210,109,111,105,101,115,145,189,224,105,107,112,101,92,121,165,187,113,122,121,111,94,105,142,168,129,136,126,117,110,106,124,167,142,137,129,117,116,118,116,156,2
220,216,214,211,208,206,205,202,224,221,219,218,215,214,213,211,232,229,227,226,223,221,220,218,238,235,234,232,229,227,227,224,239,237,237,236,234,233,233,231,242,241,241,240,238,237,237,235,247,246,245,245,242,241,240,238,249,248,249,248,246,246,246,244,0
123,132,109,109,83,98,81,96,120,104,90,86,92,139,89,135,84,116,81,54,54,96,128,205,74,85,51,51,51,54,122,166,66,47,54,48,52,56,83,169,52,43,50,55,49,54,72,120,47,48,52,51,52,63,131,140,49,52,50,53,52,53,197,121,1
73,98,97,103,108,129,157,158,71,74,80,93,92,90,105,123,68,66,69,73,68,60,75,94,65,73,65,59,57,54,70,68,71,78,72,67,69,64,66,51,76,81,85,78,75,73,67,60,70,81,89,82,72,74,70,70,64,82,87,90,80,74,70,62,2
254,255,255,255,254,255,255,255,255,255,255,255,255,255,255,253,255,253,253,255,254,254,255,255,254,253,255,255,255,254,249,244,255,255,253,251,247,243,233,223,250,248,242,231,214,198,184,173,239,223,201,179,160,152,156,161,193,174,157,152,156,166,182,194,2
81,76,88,108,132,152,158,163,110,103,104,120,148,164,160,157,126,120,124,141,160,167,163,162,134,131,140,151,157,162,165,162,136,141,143,145,152,161,164,159,130,142,144,146,153,153,158,169,133,140,146,152,152,154,174,190,142,137,143,148,148,177,213,211,2
255,254,254,255,255,255,255,252,255,255,255,254,253,252,255,255,248,254,255,255,255,255,254,254,212,230,248,252,252,253,253,253,128,160,211,244,253,255,255,255,111,116,153,199,232,247,249,253,157,132,122,139,173,200,218,244,187,175,154,134,132,135,150,190,2
255,255,255,255,255,255,255,255,255,255,255,255,255,255,255,255,255,255,255,255,255,255,255,255,255,255,255,255,255,255,255,255,255,255,255,255,255,255,255,255,255,255,255,255,255,255,255,255,255,255,255,255,255,255,255,255,255,255,255,255,255,255,255,255,2
252,240,119,109,109,105,105,111,255,214,118,115,106,118,120,103,255,240,104,108,107,172,219,120,255,254,132,110,112,201,222,163,252,255,136,105,114,109,120,219,255,254,134,122,95,106,103,104,254,255,149,118,119,91,105,92,255,253,166,114,120,109,92,100,1
255,255,255,255,255,255,255,255,255,255,255,255,255,255,255,255,255,255,255,255,255,255,255,255,255,255,255,255,255,255,255,255,255,255,255,255,255,255,255,255,255,255,255,255,255,255,255,255,255,255,255,255,255,255,255,255,255,255,255,255,255,255,255,255,2
123,246,241,231,232,233,215,216,236,241,231,235,220,225,220,218,238,228,228,233,235,234,216,221,231,229,220,212,230,238,227,221,235,226,221,217,229,228,228,221,235,218,214,216,232,234,229,223,232,224,224,223,224,229,231,224,234,235,214,218,233,230,223,223,1
195,202,198,188,178,168,165,164,210,216,210,197,180,164,162,166,219,222,214,199,180,165,171,184,215,218,211,199,187,181,192,207,213,221,219,214,211,209,214,220,223,233,233,232,234,234,232,228,230,240,241,241,244,243,238,231,229,239,242,243,245,241,234,227,2
27,33,39,44,46,44,51,66,21,37,40,46,46,51,51,64,17,38,43,48,49,55,53,59,16,31,45,48,54,54,56,56,18,21,39,49,54,54,60,58,20,18,30,47,50,56,62,63,22,20,24,36,47,54,60,64,25,24,25,24,46,50,58,62,1
229,228,228,228,228,228,228,228,230,229,229,229,228,229,229,229,230,230,229,229,228,228,228,229,230,230,230,229,229,229,228,228,231,231,231,230,230,230,229,229,231,231,231,231,230,230,230,230,232,231,231,231,231,230,230,230,232,232,232,232,232,231,231,231,2
215,162,117,104,143,200,207,207,127,131,109,114,172,193,194,177,142,119,114,124,188,181,170,153,123,119,106,150,237,194,214,176,120,111,102,157,222,169,187,215,117,108,128,106,79,86,101,169,117,115,151,67,69,77,182,218,117,118,116,60,66,43,37,37,1
255,255,255,255,255,255,255,255,255,255,255,255,255,255,255,255,255,255,255,255,255,255,255,255,255,255,255,255,255,255,255,255,255,255,255,255,255,255,255,255,255,255,255,255,255,255,255,255,255,255,255,255,255,255,255,255,255,255,255,255,255,255,255,255,0
139,126,102,93,96,81,93,91,74,159,141,116,85,90,89,88,87,58,41,161,131,92,80,84,229,197,160,95,65,194,125,93,229,227,225,220,185,102,88,201,247,245,227,235,228,211,155,87,249,251,249,235,226,233,215,202,241,247,238,234,234,231,233,226,1
125,127,116,119,145,144,148,155,116,107,121,153,126,121,123,132,107,98,137,168,137,131,124,126,91,99,121,131,127,140,148,129,114,113,123,113,96,134,129,109,112,103,111,105,90,121,108,103,98,101,89,92,98,104,114,112,95,96,98,87,94,112,107,114,2
44,45,46,47,46,43,40,37,41,42,44,45,44,42,40,39,40,41,41,42,42,43,41,40,40,41,40,38,40,44,43,39,36,40,40,35,35,39,40,36,28,36,39,34,30,31,34,33,25,29,34,34,31,28,28,28,26,25,28,34,35,30,25,24,1
13,20,30,40,44,43,36,30,11,12,14,16,19,21,20,19,17,17,16,16,17,20,22,23,13,15,17,19,20,21,21,20,14,17,19,20,20,20,20,20,13,15,18,19,19,19,19,18,19,21,24,25,26,25,24,23,32,33,34,34,34,33,32,31,1
27,28,28,25,28,29,43,133,25,25,31,26,25,31,71,97,26,29,23,31,26,29,86,28,32,29,32,27,32,65,20,17,30,26,36,48,42,21,17,18,26,38,71,39,19,18,15,16,32,38,28,15,20,20,21,14,31,49,102,167,183,204,64,14,1
195,175,174,149,143,172,74,38,182,168,173,145,156,116,49,55,182,191,159,153,178,55,58,54,184,162,150,208,87,54,62,62,171,144,192,147,42,58,62,66,165,179,188,50,52,67,60,58,166,202,92,39,55,57,54,57,197,164,51,49,51,55,54,55,0
255,255,255,255,255,255,255,255,255,255,255,255,255,255,255,255,255,255,255,255,255,255,255,255,255,255,255,255,255,255,255,255,255,255,255,255,255,255,255,255,255,255,255,255,255,255,255,255,255,255,255,255,255,255,255,255,255,255,255,255,255,255,255,255,0
188,181,180,183,180,171,158,145,198,194,197,201,199,191,180,171,211,208,209,212,209,203,199,197,219,215,214,215,211,206,204,206,224,221,220,220,217,210,206,208,226,225,223,222,221,216,213,214,223,225,224,223,224,222,219,220,218,224,226,226,229,226,221,221,2
81,82,83,83,79,78,78,77,83,81,82,83,82,84,86,86,90,87,85,85,84,84,85,83,100,98,97,97,96,95,94,91,111,110,111,112,110,109,109,107,124,123,123,122,120,119,120,119,135,134,135,135,134,135,136,136,145,144,145,146,145,146,146,144,2
223,219,215,212,212,211,209,207,221,218,215,213,213,212,209,207,218,217,215,213,213,212,209,207,217,216,215,214,214,212,210,209,218,217,216,215,214,213,212,211,219,218,216,215,215,214,213,212,221,219,217,216,216,215,213,212,223,221,220,219,218,217,215,213,2
255,255,255,255,255,255,255,255,255,255,255,255,255,255,255,255,255,255,255,255,255,255,255,255,255,255,255,255,255,255,255,255,255,255,255,255,255,255,255,255,255,255,255,255,255,255,255,255,255,255,255,255,255,255,255,255,255,255,255,255,255,255,255,255,0
108,123,130,91,74,73,78,80,79,77,81,76,75,69,80,95,80,83,79,77,77,80,92,100,71,71,69,74,78,87,99,112,75,69,71,80,86,95,98,115,76,77,86,90,93,103,103,116,82,85,94,99,99,102,106,120,89,95,97,100,103,106,114,119,0
255,255,255,255,255,255,255,255,255,255,255,255,255,255,255,255,255,255,255,255,255,255,255,255,255,255,255,255,255,255,255,255,255,255,255,255,255,255,255,255,255,255,255,255,255,255,255,255,255,255,255,255,255,255,255,255,255,255,255,255,255,255,255,255,2
255,253,254,255,253,255,255,254,254,255,254,255,255,252,254,255,253,255,254,254,255,253,255,255,255,250,250,252,255,253,254,255,247,255,255,255,254,252,253,254,185,248,255,251,251,253,255,251,88,176,239,255,255,250,252,255,87,88,142,199,242,255,251,255,2
249,248,244,245,242,245,247,246,249,250,245,246,242,244,248,249,246,250,247,247,243,245,248,250,243,249,248,250,248,249,248,248,242,249,248,251,251,251,247,245,238,246,245,247,247,248,244,243,229,242,242,243,243,243,241,243,222,238,241,243,241,241,241,246,2
43,43,47,54,49,59,80,236,39,47,48,51,55,59,61,160,42,46,48,48,49,54,63,106,45,58,60,64,69,55,53,75,56,58,68,81,77,58,55,59,35,46,51,63,66,50,53,59,20,21,20,25,19,19,53,51,24,27,26,31,28,26,66,52,1
37,29,29,30,46,213,248,251,47,35,35,28,98,229,246,249,45,42,35,34,153,241,252,219,55,52,43,44,200,243,250,157,67,53,47,64,228,244,247,96,77,64,51,114,228,251,255,72,87,73,66,168,236,252,218,63,145,94,82,165,239,251,184,114,1
255,255,255,255,255,255,255,255,255,255,255,255,255,255,255,255,255,255,255,255,255,255,255,255,255,255,255,255,255,255,255,255,255,255,255,255,255,255,255,255,255,255,255,255,255,255,255,255,255,255,255,255,255,255,255,255,255,255,255,255,255,255,255,255,2
31,29,53,153,190,197,209,220,27,33,76,126,173,182,191,205,30,51,74,116,157,165,185,211,23,61,76,94,131,155,187,211,41,61,68,79,100,166,164,189,45,65,61,73,80,102,139,167,48,65,66,66,60,84,108,146,42,62,61,60,59,73,93,118,1
49,59,54,58,51,53,67,64,49,53,51,57,57,52,52,39,48,49,53,54,54,49,51,44,58,52,54,53,53,53,55,52,59,55,57,59,54,55,52,52,59,56,57,58,51,53,53,54,66,59,54,54,52,54,54,49,55,57,61,60,56,51,54,49,1
38,40,47,51,72,90,90,96,43,44,43,48,57,77,91,96,46,38,40,44,53,73,90,96,52,41,45,40,60,72,81,106,90,44,37,43,54,76,87,92,91,71,42,44,49,64,76,92,79,79,55,47,47,60,77,86,69,78,75,48,46,58,82,88,1
255,255,255,255,255,255,255,255,255,255,255,255,255,255,255,255,255,255,255,255,255,255,255,255,255,255,255,255,255,255,255,255,255,255,255,255,255,255,255,255,255,255,255,255,255,255,255,255,255,255,255,255,255,255,255,255,255,255,255,255,255,255,255,255,2
103,76,66,64,61,58,57,76,70,76,66,64,63,55,64,89,66,70,57,57,55,50,50,55,58,54,54,52,45,45,36,45,51,50,53,46,40,34,28,60,35,30,27,29,28,23,39,65,37,32,29,30,25,25,59,72,35,38,33,25,29,32,64,74,1
255,255,255,255,255,255,255,255,255,255,255,255,255,255,255,255,255,255,255,255,255,255,255,255,255,255,255,255,255,255,255,255,255,255,255,255,255,255,255,255,255,255,255,255,255,255,255,255,255,255,255,255,255,255,255,255,255,255,255,255,255,255,255,255,2
69,75,73,71,75,73,78,78,65,72,71,71,74,74,74,68,66,67,67,68,70,71,73,67,64,60,64,64,67,66,74,74,60,59,71,67,71,67,76,76,57,62,73,63,65,64,70,67,55,57,61,56,58,60,59,60,54,53,53,61,64,68,61,68,0
46,42,57,64,70,71,73,77,45,50,59,65,67,72,72,72,45,57,62,70,71,76,76,77,46,59,63,72,74,74,78,83,59,67,70,74,80,78,84,85,67,69,70,69,79,82,84,78,72,70,72,71,77,85,85,81,73,68,71,75,73,80,79,83,1
255,255,255,255,255,255,255,255,255,255,255,255,255,255,255,255,255,255,255,255,255,255,255,255,255,255,255,255,255,255,255,255,255,255,255,255,255,255,255,255,255,255,255,255,255,255,255,255,255,255,255,255,255,255,255,255,255,255,255,255,255,255,255,255,0
202,219,239,251,232,242,232,201,246,246,238,226,250,224,205,198,253,248,251,226,245,246,217,219,250,251,255,237,219,219,228,199,211,184,188,184,200,222,200,186,161,164,171,170,179,175,154,150,85,126,131,136,203,168,151,140,24,40,76,101,143,115,103,90,1
77,102,128,144,165,169,156,104,133,147,173,176,191,188,123,81,133,169,171,170,170,137,82,74,130,148,172,175,149,99,76,64,142,153,166,168,98,74,62,65,134,145,149,120,83,69,63,72,151,140,118,81,71,79,59,54,122,147,91,67,68,55,57,55,1
210,229,222,254,156,73,143,65,213,242,234,218,91,85,174,162,194,219,229,172,82,124,153,160,195,186,216,108,73,142,135,120,184,166,181,76,99,146,118,97,170,151,101,76,115,124,114,51,165,136,78,87,124,124,77,34,151,107,68,123,143,101,42,27,1
192,187,180,165,150,147,144,133,207,192,176,161,151,152,153,147,219,199,177,162,152,152,155,154,223,204,180,163,152,152,155,155,215,201,180,160,149,148,153,155,195,198,190,170,151,144,147,151,166,182,190,179,159,145,142,145,136,153,168,169,160,147,138,136,2
51,52,49,54,50,50,50,49,43,53,58,63,57,48,47,51,46,46,40,39,47,47,48,49,54,58,51,43,51,51,53,52,47,55,58,54,55,49,53,55,45,44,49,56,55,52,61,67,45,42,51,62,52,50,59,60,49,44,51,63,50,53,55,41,2
133,121,120,108,103,96,92,96,235,177,175,118,104,98,95,101,190,251,250,136,109,104,103,101,250,196,232,205,130,111,107,104,255,243,196,226,241,133,111,107,252,255,250,216,200,232,128,119,255,254,254,250,236,195,206,123,255,254,255,255,255,241,232,183,1
127,126,129,129,131,131,128,133,99,100,95,94,93,90,90,95,84,92,87,92,90,88,91,98,116,124,116,117,113,115,119,132,124,132,135,142,142,151,155,172,140,144,153,159,157,161,156,165,149,145,147,151,153,157,160,161,161,152,144,147,147,147,152,145,0
255,253,255,255,253,253,255,253,253,253,255,254,255,253,253,255,254,255,253,249,253,254,255,254,244,251,253,255,253,255,252,255,165,253,253,248,254,252,255,253,95,180,250,255,252,255,254,255,95,91,167,233,255,250,255,255,107,90,67,106,231,255,254,255,2
255,255,255,255,255,255,255,255,255,255,255,255,255,255,255,255,255,255,255,255,255,255,255,255,255,255,255,255,255,255,255,255,255,255,255,255,255,255,255,255,255,255,255,255,255,255,255,255,255,255,255,255,255,255,255,255,255,255,255,255,255,255,255,255,0
192,163,158,71,62,61,61,53,151,136,108,70,61,61,58,61,118,75,74,71,59,64,68,128,78,71,72,71,87,143,156,150,53,69,88,136,140,134,132,126,109,139,142,135,145,128,111,120,151,127,127,124,123,107,119,117,123,114,116,119,116,112,109,112,1
255,255,255,255,255,255,255,255,255,255,255,255,255,255,255,255,255,255,255,255,255,255,255,255,255,255,255,255,255,255,255,255,255,255,255,255,255,255,255,255,255,255,255,255,255,255,255,255,255,255,255,255,255,255,255,255,255,255,255,255,255,255,255,255,2
216,206,211,210,195,149,98,55,206,210,196,142,80,49,49,53,181,130,73,48,42,53,63,79,62,42,27,46,65,78,117,173,34,28,32,212,201,161,180,204,37,37,32,70,139,164,177,201,36,42,45,91,125,158,187,202,38,39,61,84,120,154,174,191,1
75,72,76,83,89,97,107,115,146,114,93,79,73,80,92,107,217,209,196,164,130,100,80,89,227,241,245,234,220,186,129,88,218,230,237,239,235,230,196,130,208,221,222,224,225,234,229,181,183,212,221,219,211,208,213,198,167,195,214,211,191,186,197,193,2
44,42,43,43,39,36,37,38,44,42,42,40,36,34,37,38,41,41,42,42,39,39,40,39,44,44,45,45,45,47,47,44,48,45,42,41,42,45,45,42,48,44,42,41,42,44,43,39,48,46,46,48,47,46,43,40,49,46,45,45,42,39,38,37,1
247,247,247,247,246,246,246,246,252,251,251,251,251,251,251,251,254,254,254,254,254,254,254,254,255,255,255,255,255,255,255,255,255,255,255,255,255,255,255,255,255,255,255,255,255,255,255,255,255,255,255,255,255,255,255,255,255,255,255,255,255,255,255,255,0
255,255,255,255,255,255,255,255,255,255,255,255,255,255,255,255,255,255,255,255,255,255,255,255,255,255,255,255,255,255,255,255,255,255,255,255,255,255,255,255,255,255,255,255,255,255,255,255,255,255,255,255,255,255,255,255,255,255,255,255,255,255,255,255,2
100,108,111,126,140,164,160,173,101,100,112,124,140,150,161,166,101,102,101,121,136,148,160,180,96,101,105,106,131,140,154,154,99,101,106,102,109,131,139,150,96,97,99,103,104,116,127,133,99,102,105,105,99,98,97,174,80,89,95,92,87,91,172,161,1
70,70,81,77,122,176,230,174,65,74,70,87,118,203,169,251,87,180,78,73,113,224,234,235,67,75,67,84,99,190,251,173,68,65,73,81,85,134,210,138,71,77,76,76,79,89,114,106,72,78,74,76,77,77,90,108,69,67,74,83,79,80,83,79,0
88,112,134,165,199,77,53,81,82,112,123,166,211,70,65,130,86,113,131,173,179,70,131,119,82,108,135,180,186,127,124,105,86,106,131,142,187,159,111,102,75,102,125,156,161,119,104,103,75,104,123,146,168,114,99,103,81,108,127,150,165,124,101,100,1
255,255,255,255,255,255,255,255,255,255,255,255,255,255,255,255,255,255,255,255,255,255,255,255,255,255,255,255,255,255,255,255,255,255,255,255,255,255,255,255,255,255,255,255,255,255,255,255,255,255,255,255,255,255,255,255,255,255,255,255,255,255,255,255,0
255,255,255,255,255,255,255,255,255,255,255,255,255,255,255,255,255,255,255,255,255,255,255,255,255,255,255,255,255,255,255,255,255,255,255,255,255,255,255,255,255,255,255,255,255,255,255,255,255,255,255,255,255,255,255,255,255,255,255,255,255,255,255,255,2
29,33,34,30,29,32,32,30,40,39,34,30,31,34,33,29,44,41,37,34,33,35,35,33,34,34,34,34,33,33,32,32,35,34,34,36,38,37,34,32,33,33,33,32,31,29,27,27,34,35,35,31,27,26,27,28,34,33,31,28,27,29,28,26,2
44,36,38,39,40,41,57,69,55,45,44,43,39,55,52,62,50,47,47,45,47,50,53,53,47,51,44,55,48,51,52,54,52,51,50,55,50,58,50,57,40,48,54,55,59,58,59,58,22,42,42,60,61,63,66,66,17,21,31,44,60,61,64,69,1
255,255,255,255,255,255,255,255,255,255,255,255,255,255,255,255,255,255,255,255,255,255,255,255,255,255,255,255,255,255,255,255,255,255,255,255,255,255,255,255,255,255,255,255,255,255,255,255,255,255,255,255,255,255,255,255,255,255,255,255,255,255,255,255,0
254,254,255,255,255,255,255,255,254,254,254,255,255,255,255,255,253,253,254,254,255,255,255,255,253,253,254,254,255,255,255,255,253,254,254,255,255,255,255,255,253,254,254,255,255,255,255,255,254,254,254,255,255,255,255,255,254,254,254,255,255,255,255,255,2
201,200,198,197,197,195,194,192,205,204,202,200,199,198,197,195,210,208,205,203,202,201,199,198,212,210,208,206,205,203,202,200,213,212,210,209,208,207,205,204,215,214,213,212,211,210,209,207,217,216,214,213,213,212,211,210,219,218,216,215,214,214,213,212,2
35,19,21,74,84,89,94,113,122,24,47,95,87,88,91,93,179,34,65,103,99,95,89,94,188,44,73,106,104,98,93,99,192,42,76,110,100,97,103,94,176,47,68,94,111,100,95,100,139,38,61,90,100,98,99,97,87,40,54,83,94,99,99,105,1
254,255,255,255,254,254,254,254,255,255,255,255,255,255,255,255,253,253,254,254,254,254,254,253,242,243,244,244,244,245,244,243,221,222,223,222,222,222,221,220,209,211,212,211,210,209,208,207,218,221,222,222,220,219,218,218,227,230,232,232,231,230,230,230,2
252,244,248,254,248,250,255,247,255,253,252,245,251,237,239,253,252,255,254,254,249,252,234,231,255,254,253,255,254,249,240,236,254,255,255,255,254,255,249,222,253,253,209,186,172,163,142,120,195,219,181,133,144,135,126,125,75,69,61,49,36,32,36,32,1
255,255,255,255,255,255,255,255,255,255,255,255,255,255,255,255,255,255,255,255,255,255,255,255,255,255,255,255,255,255,255,255,255,255,255,255,255,255,255,255,255,255,255,255,255,255,255,255,255,255,255,255,255,255,255,255,255,255,255,255,255,255,255,255,0
255,255,255,255,255,255,255,255,255,255,255,255,255,255,255,255,255,255,255,255,255,255,255,255,255,255,255,255,255,255,255,255,255,255,255,255,255,255,255,255,255,255,255,255,255,255,255,255,255,255,255,255,255,255,255,255,255,255,255,255,255,255,255,255,2
186,175,157,148,138,122,117,123,211,186,156,144,139,128,120,121,226,190,154,142,143,138,130,129,216,182,152,144,146,142,135,137,189,165,150,148,149,145,140,142,170,153,150,152,153,150,144,147,161,147,148,149,149,150,147,151,146,135,139,141,142,150,154,163,2
255,255,255,255,255,255,255,255,255,255,255,255,255,255,255,255,255,255,255,255,255,255,255,255,255,255,255,255,255,255,255,255,255,255,255,255,255,255,255,255,255,255,255,255,255,255,255,255,255,255,255,255,255,255,255,255,255,255,255,255,255,255,255,255,2
255,255,255,255,255,255,255,255,255,255,255,255,255,255,255,255,255,255,255,255,255,255,255,255,255,255,255,255,255,255,255,255,255,255,255,255,255,255,255,255,255,255,255,255,255,255,255,255,255,255,255,255,255,255,255,255,255,255,255,255,255,255,255,255,0
55,107,127,90,101,105,97,90,49,67,182,87,79,95,99,101,51,55,157,91,73,92,94,112,58,48,81,136,80,83,93,105,62,50,56,165,88,59,82,101,45,52,50,124,92,36,45,71,32,44,47,85,118,49,44,43,29,39,48,60,148,72,64,57,1
255,255,255,255,255,255,255,255,255,255,255,255,255,255,255,255,255,255,255,255,255,255,255,255,255,255,255,255,255,255,255,255,255,255,255,255,255,255,255,255,255,255,255,255,255,255,255,255,255,255,255,255,255,255,255,255,255,255,255,255,255,255,255,255,0
255,255,255,255,255,255,255,255,255,255,255,255,255,255,255,255,255,255,255,255,255,255,255,255,255,255,255,255,255,255,255,255,255,255,255,255,255,255,255,255,255,255,255,255,255,255,255,255,255,255,255,255,255,255,255,255,255,255,255,255,255,255,255,255,2
99,106,97,99,99,99,96,91,98,107,101,100,96,92,93,92,99,103,98,94,93,88,92,93,100,99,96,92,94,89,93,92,91,90,92,91,93,90,93,92,89,85,85,84,86,88,89,86,84,80,79,80,80,83,77,69,51,58,68,77,73,75,67,58,1
255,255,255,255,255,255,255,255,255,255,255,255,255,255,255,255,255,255,255,255,255,255,255,255,255,255,255,255,255,255,255,255,255,255,255,255,255,255,255,255,255,255,255,255,255,255,255,255,255,255,255,255,255,255,255,255,255,255,255,255,255,255,255,255,2
239,231,232,228,223,240,226,227,233,230,221,229,236,241,224,204,228,233,227,227,238,229,200,227,231,225,216,221,233,206,224,217,237,230,221,214,205,216,236,228,241,227,219,209,230,239,219,228,236,224,199,225,231,222,223,217,233,204,236,230,221,229,225,215,1
255,255,255,255,254,254,252,251,255,255,255,255,255,254,253,252,255,255,255,255,255,255,253,253,255,255,255,255,255,255,254,253,255,255,255,255,255,255,254,253,255,255,255,255,255,255,254,253,255,255,255,255,255,255,254,254,255,255,255,255,255,255,254,254,2
20,22,40,63,72,84,81,81,24,22,45,63,77,83,84,82,27,23,47,65,79,84,85,82,26,24,45,68,76,85,84,81,26,24,47,68,76,85,84,79,29,24,52,66,81,84,85,72,31,25,53,67,83,85,82,62,32,27,51,69,81,88,78,55,1
255,255,255,255,255,255,255,255,255,255,255,255,255,255,255,255,255,255,255,255,255,255,255,255,255,255,255,255,255,255,255,255,255,255,255,255,255,255,255,255,255,255,255,255,255,255,255,255,255,255,255,255,255,255,255,255,255,255,255,255,255,255,255,255,0
206,205,204,203,202,202,201,200,210,209,208,207,206,205,204,204,215,214,212,211,210,209,208,207,219,218,217,215,215,214,213,212,223,222,221,220,219,219,218,217,226,225,224,223,223,222,222,222,228,228,227,226,226,226,225,225,231,231,230,229,229,228,228,228,2
36,30,28,31,41,47,55,76,42,30,30,29,37,47,52,70,46,32,34,28,29,39,37,49,41,32,37,32,29,36,38,44,34,31,36,36,31,34,43,46,29,29,34,40,35,32,38,38,31,26,32,42,43,40,39,39,42,28,30,37,43,44,39,43,1
255,255,255,255,255,255,255,255,255,255,255,255,255,255,255,255,255,255,255,255,255,255,255,255,255,255,255,255,255,255,255,255,255,255,255,255,255,255,255,255,255,255,255,255,255,255,255,255,255,255,255,255,255,255,255,255,255,255,255,255,255,255,255,255,0
202,210,228,235,228,232,228,220,225,225,221,219,224,217,210,212,225,226,225,216,222,218,211,219,231,231,220,220,220,216,217,209,230,223,235,233,217,227,216,205,226,223,225,225,224,216,134,76,221,231,228,220,136,69,68,65,228,219,142,74,61,69,65,61,1
255,255,255,255,255,255,255,255,255,255,255,255,255,255,255,255,255,255,255,255,255,255,255,255,255,255,255,255,255,255,255,255,255,255,255,255,255,255,255,255,255,255,255,255,255,255,255,255,255,255,255,255,255,255,255,255,255,255,255,255,255,255,255,255,2
255,255,255,255,255,255,255,255,255,255,255,255,255,255,255,255,255,255,255,255,255,255,255,255,255,255,255,255,255,255,255,255,255,255,255,255,255,255,255,255,255,255,255,255,255,255,255,255,255,255,255,255,255,255,255,255,255,255,255,255,255,255,255,255,2
140,153,21,17,20,17,17,19,160,246,35,34,25,24,24,15,167,187,65,55,31,30,25,19,82,103,43,59,49,37,28,22,30,45,69,54,69,54,33,26,64,62,61,56,61,51,42,27,86,79,92,84,50,50,46,35,92,79,92,80,49,46,51,40,1
255,255,255,255,255,255,255,255,255,255,255,255,255,255,255,255,255,255,255,255,255,255,255,255,255,255,255,255,255,255,255,255,255,255,255,255,255,255,255,255,255,255,255,255,255,255,255,255,255,255,255,255,255,255,255,255,255,255,255,255,255,255,255,255,0
64,198,224,222,229,239,241,237,183,213,218,224,235,247,246,251,194,195,207,227,238,248,253,250,191,203,207,212,225,242,244,234,193,193,191,197,217,236,229,236,157,186,199,198,195,207,213,218,159,167,174,188,192,191,194,189,125,140,168,166,175,185,175,164,1
130,125,145,151,163,155,156,151,102,100,104,128,137,140,144,130,90,89,103,110,118,123,118,111,83,84,88,91,104,105,95,71,92,79,74,74,70,79,67,33,89,89,86,64,61,43,32,27,74,69,62,41,29,33,164,224,31,32,25,27,32,26,144,217,1
110,135,146,146,168,170,179,188,108,107,119,127,155,154,162,183,85,83,104,106,121,125,140,174,97,85,88,84,93,107,118,139,89,85,86,90,83,88,98,117,83,83,80,87,79,76,77,81,86,86,81,80,80,81,83,76,80,78,78,75,80,75,71,59,1
232,230,228,228,231,234,234,232,233,234,235,236,236,237,238,238,234,236,238,239,238,239,241,244,237,236,236,236,238,240,242,244,236,235,233,233,234,235,238,241,230,229,228,227,224,224,228,233,226,223,219,217,215,216,221,227,227,219,212,209,211,215,221,226,2
113,56,56,51,46,49,51,57,91,51,56,56,49,53,52,52,67,42,50,60,51,51,50,52,50,37,45,54,47,43,48,50,40,40,46,42,39,40,51,47,43,43,47,39,40,39,49,47,49,44,43,41,43,38,42,47,49,46,42,39,39,38,37,41,0
255,255,255,255,255,255,255,255,255,255,255,255,255,255,255,255,255,255,255,255,255,255,255,255,255,255,255,255,255,255,255,255,255,255,255,255,255,255,255,255,255,255,255,255,255,255,255,255,255,255,255,255,255,255,255,255,255,255,255,255,255,255,255,255,2
208,210,213,214,215,215,209,200,208,209,212,214,216,218,216,211,210,212,216,220,220,221,220,218,215,216,221,225,224,222,222,222,216,216,220,225,225,223,225,227,212,212,218,226,227,225,225,224,206,205,211,219,223,223,221,219,202,199,200,207,213,217,220,219,2
255,255,255,255,255,255,255,255,255,255,255,255,255,255,255,255,255,255,255,255,255,255,255,255,255,255,255,255,255,255,255,255,255,255,255,255,255,255,255,255,255,255,255,255,255,255,255,255,255,255,255,255,255,255,255,255,255,255,255,255,255,255,255,255,2
255,255,255,255,255,255,255,255,255,255,255,255,255,255,255,255,255,255,255,255,255,255,255,255,255,255,255,255,255,255,255,255,255,255,255,255,255,255,255,255,255,255,255,255,255,255,255,255,255,255,255,255,255,255,255,255,255,255,255,255,255,255,255,255,0
255,255,255,255,255,255,255,255,255,255,255,255,255,255,255,255,255,255,255,255,255,255,255,255,255,255,255,255,255,255,255,255,255,255,255,255,255,255,255,255,255,255,255,255,255,255,255,255,255,255,255,255,255,255,255,255,255,255,255,255,255,255,255,255,0
181,170,161,157,146,133,116,224,170,158,158,150,134,119,121,243,166,159,150,146,126,114,150,235,163,152,141,146,116,111,185,231,164,144,140,139,108,118,196,227,135,135,133,120,107,149,210,215,148,137,130,108,107,176,210,201,213,134,120,104,119,204,208,210,1
255,255,255,255,255,255,255,255,255,255,255,255,255,255,255,255,255,255,255,255,255,255,255,255,255,255,255,255,255,255,255,255,255,255,255,255,255,255,255,255,255,255,255,255,255,255,255,255,255,255,255,255,255,255,255,255,255,255,255,255,255,255,255,255,2
72,77,84,89,118,108,104,115,78,81,80,81,84,85,87,87,71,76,78,81,77,84,67,27,35,35,46,41,23,18,27,22,36,20,19,20,24,21,21,25,16,20,21,20,20,24,23,28,26,27,27,34,35,36,43,32,26,36,49,61,78,95,126,97,1
251,251,251,251,251,251,251,251,252,252,252,252,252,252,252,252,253,253,253,253,253,253,253,253,254,254,254,254,254,254,254,254,254,254,254,254,254,254,254,254,254,254,254,254,254,254,254,254,255,255,255,255,255,255,255,255,255,255,255,255,255,255,255,255,2
255,255,255,255,255,255,255,255,255,255,255,255,255,255,255,255,255,255,255,255,255,255,255,255,255,255,255,255,255,255,255,255,255,255,255,255,255,255,255,255,255,255,255,255,255,255,255,255,255,255,255,255,255,255,255,255,255,255,255,255,255,255,255,255,2
255,255,255,255,255,255,255,255,255,255,255,255,255,255,255,255,255,255,255,255,255,255,255,255,255,255,255,255,255,255,255,255,255,255,255,255,255,255,255,255,255,255,255,255,255,255,255,255,255,255,255,255,255,255,255,255,255,255,255,255,255,255,255,255,2
85,110,114,108,99,92,86,87,113,110,107,101,94,89,86,129,116,102,97,91,88,88,145,184,98,104,90,89,89,137,129,188,93,92,85,99,138,128,86,132,89,89,105,144,150,153,121,162,89,116,164,162,167,172,168,171,132,142,155,159,154,169,184,178,1
235,234,225,204,179,170,160,160,230,225,204,180,171,170,164,154,198,203,195,185,180,164,162,159,209,199,182,179,185,173,161,157,210,196,177,178,203,216,192,172,195,190,177,173,190,216,211,207,182,181,175,171,175,183,190,198,164,169,174,180,185,183,195,200,2
255,255,255,255,255,255,255,255,255,255,255,255,255,255,255,255,255,255,255,255,255,255,255,255,255,255,255,255,255,255,255,255,255,255,255,255,255,255,255,255,255,255,255,255,255,255,255,255,255,255,255,255,255,255,255,255,255,255,255,255,255,255,255,255,0
203,209,209,212,215,209,206,209,213,217,210,212,220,221,221,220,219,226,217,216,221,222,225,221,226,235,228,225,222,218,223,220,228,233,227,226,224,221,226,224,222,219,217,223,229,230,230,227,219,214,216,221,227,231,228,227,222,217,221,217,215,219,220,224,2
17,16,19,20,18,24,30,29,16,16,20,33,36,33,27,29,17,38,42,36,35,41,35,30,45,42,40,41,43,37,35,39,46,43,46,40,42,42,44,37,45,41,48,46,45,40,45,41,51,48,45,46,47,47,44,40,48,56,50,48,43,48,42,44,1
255,255,255,255,255,255,255,255,255,255,255,255,255,255,255,255,255,255,255,255,255,255,255,255,255,255,255,255,255,255,255,255,255,255,255,255,255,255,255,255,255,255,255,255,255,255,255,255,255,255,255,255,255,255,255,255,255,255,255,255,255,255,255,255,2
143,154,141,149,148,148,178,141,154,158,156,168,152,147,152,154,131,137,131,144,160,116,133,137,149,126,139,146,137,133,150,148,158,148,147,140,160,179,198,136,171,144,130,156,157,138,110,70,146,149,184,167,163,81,60,61,152,172,176,150,68,58,51,57,1
195,192,242,246,126,108,118,196,165,210,247,216,117,96,106,159,182,237,252,190,124,101,96,125,185,233,249,201,137,99,95,114,221,246,237,216,165,107,95,119,233,252,223,204,179,105,92,179,235,247,211,197,184,109,124,219,246,244,199,204,180,117,190,221,1
255,255,255,255,255,255,255,255,255,255,255,255,255,255,255,255,255,255,255,255,255,255,255,255,255,255,255,255,255,255,255,255,255,255,255,255,255,255,255,255,255,255,255,255,255,255,255,255,255,255,255,255,255,255,255,255,255,255,255,255,255,255,255,255,2
51,51,59,64,87,159,214,114,50,58,62,71,96,150,244,246,52,60,66,75,100,164,248,251,58,68,68,68,101,190,249,245,60,66,72,77,115,218,248,231,75,72,75,81,119,217,234,208,72,81,84,93,135,198,209,199,75,74,83,100,141,188,189,138,1
45,48,53,50,57,55,63,60,50,55,58,58,62,62,66,63,52,58,59,65,68,73,75,73,59,64,64,69,72,77,79,76,64,68,70,73,77,79,83,80,65,70,74,77,82,84,89,88,70,77,79,84,84,90,95,98,71,79,79,87,85,98,106,113,1
61,63,104,190,97,94,94,97,60,61,66,157,117,89,99,101,62,69,53,123,153,94,105,103,68,72,57,97,170,69,62,80,75,52,67,63,155,110,85,153,47,40,71,59,114,171,185,196,39,46,76,67,90,169,196,227,44,75,128,92,62,154,198,220,1
255,255,255,255,255,255,255,255,255,255,255,255,255,255,255,255,255,255,255,255,255,255,255,255,255,255,255,255,255,255,255,255,255,255,255,255,255,255,255,255,255,255,255,255,255,255,255,255,255,255,255,255,255,255,255,255,255,255,255,255,255,255,255,255,2
130,162,54,42,41,40,39,39,78,96,122,153,52,37,43,39,37,48,70,96,124,150,40,36,33,32,31,50,66,112,133,152,38,35,32,35,33,45,70,84,41,35,26,33,35,32,36,59,32,39,39,36,29,34,30,36,40,32,35,38,35,32,29,38,1
141,144,147,148,150,153,154,154,142,144,146,147,150,153,154,153,143,143,144,146,149,152,153,153,142,143,144,145,148,151,153,153,141,142,143,145,146,149,152,154,140,141,143,145,146,147,151,154,140,141,142,144,145,146,149,152,141,140,141,143,145,146,147,150,2
255,255,255,255,255,255,255,255,255,255,255,255,255,255,255,255,255,255,255,255,255,255,255,255,255,255,255,255,255,255,255,255,255,255,255,255,255,255,255,255,255,255,255,255,255,255,255,255,255,255,255,255,255,255,255,255,255,255,255,255,255,255,255,255,2
237,237,237,237,237,237,237,237,239,239,239,239,239,239,239,239,239,239,239,239,239,239,239,239,240,240,240,240,240,240,240,240,241,241,241,241,241,241,241,241,241,241,241,241,241,241,241,241,242,242,242,242,242,242,242,242,243,243,243,243,243,243,243,243,2
36,33,30,29,31,33,34,35,39,37,36,36,37,39,39,40,42,41,41,41,42,43,43,43,45,45,44,44,44,44,44,44,48,48,46,45,44,44,45,45,47,47,46,44,43,44,45,47,45,46,46,46,46,47,49,51,46,47,49,50,51,53,55,57,2
28,27,31,27,27,28,23,24,32,30,38,31,36,28,28,24,40,40,37,36,35,32,33,33,45,48,42,47,40,37,36,35,52,52,50,48,48,39,42,38,52,52,48,46,44,44,45,44,44,48,46,50,44,52,43,43,50,50,51,45,45,50,46,44,1
255,255,255,255,255,255,255,255,255,255,255,255,255,255,255,255,255,255,255,255,255,255,255,255,255,255,255,255,255,255,255,255,255,255,255,255,255,255,255,255,255,255,255,255,255,255,255,255,255,255,255,255,255,255,255,255,255,255,255,255,255,255,255,255,2
255,255,255,255,254,254,254,254,255,255,255,255,255,255,255,255,255,255,255,255,255,255,255,255,255,255,255,255,255,255,255,255,255,255,255,255,255,255,255,255,255,255,255,255,255,255,255,255,255,255,255,255,255,255,255,255,255,255,255,255,255,255,255,255,2
255,255,255,255,255,255,255,255,255,255,255,255,255,255,255,255,255,255,255,255,255,255,255,255,255,255,255,255,255,255,255,255,255,255,255,255,255,255,255,255,255,255,255,255,255,255,255,255,255,255,255,255,255,255,255,255,255,255,255,255,255,255,255,255,2
255,255,255,255,255,255,255,255,255,255,255,255,255,255,255,255,255,255,255,255,255,255,255,255,255,255,255,255,255,255,255,255,255,255,255,255,255,255,255,255,255,255,255,255,255,255,255,255,255,255,255,255,255,255,255,255,255,255,255,255,255,255,255,255,0
69,74,83,91,99,102,98,106,65,70,67,71,74,87,113,124,54,70,70,69,66,61,81,101,54,64,71,72,74,64,54,56,61,62,74,77,81,87,87,67,67,62,64,90,122,133,141,115,61,62,65,100,136,123,120,113,61,56,68,101,132,114,103,100,2
249,249,249,249,249,249,249,249,249,249,249,249,249,249,249,249,249,249,249,249,249,249,249,249,251,251,251,251,251,251,251,251,251,251,251,251,251,251,251,251,252,252,252,252,252,252,252,252,252,252,252,252,252,252,252,252,253,253,253,253,253,253,253,253,2
255,255,255,255,255,255,255,255,255,255,255,255,255,255,255,255,255,255,255,255,255,255,255,255,255,255,255,255,255,255,255,255,255,255,255,255,255,255,255,255,255,255,255,255,255,255,255,255,255,255,255,255,255,255,255,255,255,255,255,255,255,255,255,255,2
255,255,255,255,255,255,255,255,255,255,255,255,255,255,255,255,255,255,255,255,255,255,255,255,255,255,255,255,255,255,255,255,255,255,255,255,255,255,255,255,255,255,255,255,255,255,255,255,255,255,255,255,255,255,255,255,255,255,255,255,255,255,255,255,2
255,255,255,255,255,255,255,255,255,255,255,255,255,255,255,255,255,255,255,255,255,255,255,255,255,255,255,255,255,255,255,255,255,255,255,255,255,255,255,255,255,255,255,255,255,255,255,255,255,255,255,255,255,255,255,255,255,255,255,255,255,255,255,255,0
49,115,165,171,100,66,59,107,54,140,140,138,173,86,119,114,55,174,186,98,135,119,108,104,59,177,181,116,107,101,95,89,59,109,106,105,102,96,88,87,111,107,103,101,83,89,77,82,105,107,99,88,92,86,85,122,105,89,91,88,75,112,126,126,1
55,89,119,135,120,112,88,111,59,79,105,131,127,111,102,91,47,72,95,128,139,119,115,99,38,77,92,120,145,135,111,112,39,73,84,108,140,151,118,108,41,64,84,105,130,153,147,114,50,64,87,105,125,148,161,140,58,64,78,98,129,151,160,166,2
41,45,40,46,47,47,46,46,42,39,35,39,44,52,55,50,43,35,40,45,45,45,48,47,42,36,43,43,47,45,43,43,33,47,57,46,49,49,42,38,36,52,54,41,42,41,33,32,48,45,30,26,30,32,29,30,45,48,40,38,29,28,31,32,2
184,126,78,79,88,114,129,138,54,69,76,86,105,122,125,139,85,83,84,87,128,112,82,85,61,77,98,114,122,150,73,75,72,77,99,106,107,105,78,137,88,99,93,104,108,75,78,206,88,92,94,103,85,66,96,245,81,77,85,106,64,53,135,201,1
255,255,255,255,255,255,255,255,255,255,255,255,255,255,255,255,255,255,255,255,255,255,255,255,255,255,255,255,255,255,255,255,255,255,255,255,255,255,255,255,255,255,255,255,255,255,255,255,255,255,255,255,255,255,255,255,255,255,255,255,255,255,255,255,0
181,199,202,208,210,215,190,87,183,201,203,214,230,223,228,189,191,206,205,215,236,218,222,209,182,205,201,224,220,225,223,222,184,200,204,219,218,223,231,233,185,199,208,211,229,229,233,231,189,208,212,224,228,242,236,242,185,189,205,220,234,241,244,247,1
255,255,255,255,255,255,255,255,255,255,255,255,255,255,255,255,255,255,255,255,255,255,255,255,255,255,255,255,255,255,255,255,255,255,255,255,255,255,255,255,255,255,255,255,255,255,255,255,255,255,255,255,255,255,255,255,255,255,255,255,255,255,255,255,0
255,255,255,255,255,255,255,255,255,255,255,255,255,255,255,255,255,255,255,255,255,255,255,255,255,255,255,255,255,255,255,255,255,255,255,255,255,255,255,255,255,255,255,255,255,255,255,255,255,255,255,255,255,255,255,255,255,255,255,255,255,255,255,255,0
222,221,221,220,220,218,216,215,223,223,222,222,221,220,219,218,225,224,224,223,223,222,221,221,227,226,225,224,224,224,223,223,229,228,227,227,226,226,225,225,230,230,229,228,228,228,227,226,231,230,230,230,230,230,229,228,232,232,232,232,232,232,231,231,2
54,43,21,18,27,43,34,41,57,53,52,42,35,36,40,41,57,49,54,57,53,40,43,39,57,58,49,49,53,52,47,36,55,61,59,59,58,54,50,41,59,53,62,68,64,51,53,49,68,62,61,54,52,55,57,53,64,68,59,55,52,59,51,63,1
35,33,32,32,28,22,27,23,30,23,28,26,28,29,19,23,18,16,20,15,18,23,31,28,14,16,16,23,30,31,26,34,32,25,56,29,31,30,32,31,47,109,61,32,34,29,29,33,46,66,40,34,28,38,39,33,33,47,34,28,33,31,30,36,1
111,68,52,61,70,60,45,53,38,45,195,204,58,44,44,35,27,35,41,161,77,62,36,35,33,37,40,49,69,67,65,44,69,34,45,66,67,62,52,40,54,67,63,58,52,48,50,45,24,36,41,46,47,47,51,54,26,24,27,35,53,57,56,59,1
255,255,255,255,255,255,255,255,255,255,255,255,255,255,255,255,255,255,255,255,255,255,255,255,255,255,255,255,255,255,255,255,255,255,255,255,255,255,255,255,255,255,255,255,255,255,255,255,255,255,255,255,255,255,255,255,255,255,255,255,255,255,255,255,2
45,41,34,27,24,22,21,23,43,39,29,21,21,24,24,24,40,36,28,22,25,30,29,27,30,26,21,22,29,31,30,30,27,21,20,27,34,32,32,36,17,15,19,30,37,36,36,41,20,22,24,27,33,36,37,39,60,61,50,36,32,37,38,35,1
255,255,255,255,255,255,255,255,255,255,255,255,255,255,255,255,255,255,255,255,255,255,255,255,255,255,255,255,255,255,255,255,255,255,255,255,255,255,255,255,255,255,255,255,255,255,255,255,255,255,255,255,255,255,255,255,255,255,255,255,255,255,255,255,2
255,255,254,254,255,255,255,255,255,255,255,255,255,255,254,254,253,254,255,255,255,255,255,255,255,255,255,255,254,254,254,255,255,255,254,254,254,254,253,252,251,250,248,246,244,240,237,234,236,233,230,225,219,213,209,206,208,207,204,201,198,196,196,197,2
255,255,255,255,255,255,255,255,255,255,255,255,255,255,255,255,255,255,255,255,255,255,255,255,255,255,255,255,255,255,255,255,255,255,255,255,255,255,255,255,255,255,255,255,255,255,255,255,255,255,255,255,255,255,255,255,255,255,255,255,255,255,255,255,2
180,178,167,174,188,128,105,87,191,188,180,180,193,121,101,89,196,194,185,190,185,123,108,68,191,196,187,180,188,128,92,54,192,201,198,189,208,158,54,65,201,196,191,191,157,43,60,61,194,193,203,99,56,57,62,68,208,212,142,126,101,61,80,68,1
17,18,13,16,19,24,25,31,21,21,17,16,14,16,19,26,21,22,22,23,15,14,15,20,26,26,28,29,18,15,13,13,29,27,27,28,19,17,15,14,28,27,26,27,21,19,16,15,31,32,30,30,25,22,17,19,29,32,29,29,27,28,29,37,1
249,250,245,239,234,228,220,214,232,226,216,206,199,189,178,173,189,185,179,176,176,174,175,179,158,168,181,189,194,195,199,206,180,193,205,210,211,214,220,227,205,216,226,230,231,231,231,232,230,234,237,237,239,239,240,242,237,241,244,247,247,244,243,246,2
36,29,21,18,19,20,23,31,35,30,24,18,21,18,29,60,37,28,19,14,21,36,64,54,34,29,21,24,39,63,52,62,33,25,19,24,63,63,60,117,36,22,23,62,69,61,76,235,33,19,23,83,65,69,165,252,33,28,25,78,69,94,250,250,1
17,17,31,65,64,60,149,180,19,17,49,56,61,58,153,164,20,31,62,60,60,56,178,104,19,51,58,60,63,58,181,63,46,54,61,62,51,58,141,56,51,58,56,49,48,53,67,46,54,56,56,53,52,56,49,41,60,56,53,52,50,49,45,44,1
255,255,255,255,255,255,255,255,255,255,255,255,255,255,255,255,255,255,255,255,255,255,255,255,255,255,255,255,255,255,255,255,255,255,255,255,255,255,255,255,255,255,255,255,255,255,255,255,255,255,255,255,255,255,255,255,255,255,255,255,255,255,255,255,2
62,49,39,33,31,29,30,35,90,58,43,37,36,30,124,165,176,69,44,36,45,100,128,162,212,79,41,41,83,97,146,162,210,113,52,73,83,102,145,155,199,192,118,78,88,107,128,144,149,73,102,70,84,104,126,143,82,96,99,67,83,94,130,141,1
255,255,255,255,255,255,255,255,255,255,255,255,255,255,255,255,255,255,255,255,255,255,255,255,255,255,255,255,255,255,255,255,255,255,255,255,255,255,255,255,255,255,255,255,255,255,255,255,255,255,255,255,255,255,255,255,255,255,255,255,255,255,255,255,2
176,155,130,146,156,196,232,189,145,120,134,139,177,209,193,179,97,119,118,135,198,207,151,131,99,121,120,123,153,171,140,122,105,113,126,106,98,101,107,118,115,127,124,116,104,89,96,109,149,140,127,126,109,102,101,103,124,126,116,120,118,96,105,115,2
255,255,255,255,255,255,255,255,255,255,255,255,255,255,255,255,255,255,255,255,255,255,255,255,255,255,255,255,255,255,255,255,255,255,255,255,255,255,255,255,255,255,255,255,255,255,255,255,255,255,255,255,255,255,255,255,255,255,255,255,255,255,255,255,2
244,242,236,233,232,227,218,212,242,242,240,238,239,234,223,215,240,243,242,239,237,234,227,220,240,245,245,239,233,228,222,220,234,240,243,242,238,231,225,222,233,238,240,241,243,240,232,227,231,238,240,239,241,242,235,227,211,227,237,237,241,246,241,232,2
255,255,255,255,255,255,255,255,255,255,255,255,255,255,255,255,255,255,255,255,255,255,255,255,255,255,255,255,255,255,255,255,255,255,255,255,255,255,255,255,255,255,255,255,255,255,255,255,255,255,255,255,255,255,255,255,255,255,255,255,255,255,255,255,2
205,208,168,145,142,152,192,182,222,216,191,163,165,150,163,206,212,211,206,179,155,149,170,209,203,209,207,197,156,158,172,192,193,217,210,200,187,185,170,187,184,218,210,190,188,183,184,186,180,198,206,193,174,162,186,185,157,173,205,196,180,179,185,198,2
253,255,255,255,255,255,254,255,252,254,255,254,254,255,255,255,253,251,253,255,255,255,255,255,255,255,255,255,254,253,255,255,248,254,255,255,253,254,255,252,255,255,251,253,255,255,255,252,250,255,253,253,255,252,255,255,190,237,255,255,253,252,255,253,2
255,255,255,255,255,255,255,255,255,255,255,255,255,255,255,255,255,255,255,255,255,255,255,255,255,255,255,255,255,255,255,255,255,255,255,255,255,255,255,255,255,255,255,255,255,255,255,255,255,255,255,255,255,255,255,255,255,255,255,255,255,255,255,255,2
255,255,255,255,255,255,255,255,255,255,255,255,255,255,255,255,255,255,255,255,255,255,255,255,255,255,255,255,255,255,255,255,255,255,255,255,255,255,255,255,255,255,255,255,255,255,255,255,255,255,255,255,255,255,255,255,255,255,255,255,255,255,255,255,2
223,222,222,221,220,218,217,217,224,223,222,222,221,220,219,219,225,223,222,222,222,222,221,221,226,224,223,223,223,223,222,222,227,226,224,224,224,224,223,223,228,227,226,226,226,225,224,224,229,228,227,228,227,226,226,226,229,228,228,229,228,227,227,227,2
34,37,33,27,25,28,32,29,33,32,27,26,31,35,37,33,25,27,28,32,35,38,42,42,19,29,36,41,41,42,47,50,26,35,41,46,48,50,54,53,32,40,43,46,49,53,58,56,35,41,44,47,50,54,61,64,38,42,45,51,55,58,65,70,1
231,239,241,241,240,226,218,208,240,245,239,236,238,228,211,180,235,235,240,235,221,232,241,197,234,241,240,239,240,240,225,172,227,237,241,247,236,194,160,131,201,223,230,208,175,145,140,138,220,229,205,158,144,143,135,125,213,164,140,137,134,123,116,113,2
131,153,156,255,255,255,253,255,91,103,150,84,249,253,255,255,52,63,93,178,68,218,255,254,47,50,51,125,74,61,123,255,46,47,56,67,210,57,57,69,48,50,58,78,86,66,63,60,56,61,60,50,50,49,66,66,130,194,85,48,53,56,63,61,1
59,54,69,87,78,68,68,69,65,58,59,85,80,63,58,66,64,60,55,83,91,66,60,68,61,56,56,70,90,67,66,68,64,55,59,62,77,63,65,65,63,55,58,65,71,65,64,65,60,59,56,63,70,65,65,64,69,71,60,56,69,63,70,65,0
142,139,129,126,142,149,151,145,194,183,165,149,145,145,148,148,219,219,213,189,159,150,151,156,239,250,248,213,164,151,153,158,230,239,239,212,168,154,152,151,186,197,209,208,183,163,157,149,174,186,199,206,190,166,164,156,181,192,198,201,188,167,171,163,2
255,255,255,255,255,255,255,255,255,255,255,255,255,255,255,255,255,255,255,255,255,255,255,255,255,255,255,255,255,255,255,255,255,255,255,255,255,255,255,255,255,255,255,255,255,255,255,255,255,255,255,255,255,255,255,255,255,255,255,255,255,255,255,255,0
255,255,255,255,255,255,255,255,255,255,255,255,255,255,255,255,255,255,255,255,255,255,255,255,255,255,255,255,255,255,255,255,255,255,255,255,255,255,255,255,255,255,255,255,255,255,255,255,255,255,255,255,255,255,255,255,255,255,255,255,255,255,255,255,0
36,31,31,31,25,27,17,22,28,25,29,22,23,17,21,15,31,25,23,23,18,20,22,31,19,23,18,19,25,28,108,150,26,23,20,31,41,149,115,83,62,58,65,73,132,97,62,43,65,60,86,118,76,47,44,48,144,155,98,69,51,46,44,47,1
46,35,25,120,252,228,98,89,33,36,30,76,242,241,102,88,39,28,28,50,234,249,190,91,33,31,27,36,221,254,239,104,29,29,25,31,205,251,248,175,36,21,21,29,137,251,250,229,19,18,23,26,59,247,249,252,17,19,20,24,26,173,247,251,1
170,162,157,150,152,170,169,168,172,161,151,154,155,160,169,177,167,163,149,150,153,152,168,170,167,171,159,150,149,142,145,131,176,172,160,148,147,142,145,143,172,169,162,151,146,138,134,136,169,168,158,148,140,133,127,130,162,160,148,147,141,129,119,121,2
95,226,80,17,14,11,19,29,103,203,250,31,11,14,12,27,32,138,202,54,21,13,14,13,14,35,87,76,24,18,14,12,22,17,39,66,57,27,16,14,15,22,23,40,60,59,37,16,20,22,27,23,35,60,58,42,23,20,26,24,19,30,65,58,1
255,255,255,255,255,255,255,255,255,255,255,255,255,255,255,255,255,255,255,255,255,255,255,255,255,255,255,255,255,255,255,255,255,255,255,255,255,255,255,255,255,255,255,255,255,255,255,255,255,255,255,255,255,255,255,255,255,255,255,255,255,255,255,255,2
118,100,86,73,56,50,53,58,102,94,87,81,68,60,56,47,100,85,76,78,62,56,49,33,125,113,103,91,85,52,34,31,128,126,120,103,49,36,28,35,139,121,127,127,123,97,75,53,106,139,157,151,136,130,106,55,137,186,163,160,148,149,99,47,0
255,255,255,255,255,255,255,255,255,255,255,255,255,255,255,255,255,255,255,255,255,255,255,255,255,255,255,255,255,255,255,255,255,255,255,255,255,255,255,255,255,255,255,255,255,255,255,255,255,255,255,255,255,255,255,255,255,255,255,255,255,255,255,255,2
76,70,75,74,69,72,78,72,72,72,78,76,86,72,90,70,70,70,73,88,80,84,89,87,57,67,83,89,72,80,86,81,59,72,89,93,79,77,97,86,63,75,83,85,71,88,94,93,66,82,90,68,73,93,80,82,73,78,71,61,76,74,62,85,0
197,187,211,213,196,188,182,175,193,187,188,189,182,185,161,66,184,187,189,177,185,156,52,39,190,186,186,179,148,46,41,40,186,185,178,118,48,39,39,44,192,179,97,49,38,41,44,44,185,85,42,42,46,41,46,46,68,39,45,43,42,47,49,47,1
255,255,255,255,255,255,255,255,255,255,255,255,255,255,255,255,255,255,255,255,255,255,255,255,255,255,255,255,255,255,255,255,255,255,255,255,255,255,255,255,255,255,255,255,255,255,255,255,255,255,255,255,255,255,255,255,255,255,255,255,255,255,255,255,0
128,117,112,118,136,156,165,170,142,128,133,129,117,134,152,146,149,134,131,127,120,126,131,128,151,139,126,123,132,133,129,137,153,140,131,128,131,135,135,135,148,137,135,132,125,127,143,162,138,135,135,133,125,120,143,186,132,126,125,131,132,119,115,132,2
61,50,62,60,57,74,76,67,54,54,59,59,56,62,69,69,53,58,52,57,60,58,66,70,52,55,48,53,60,57,61,62,50,53,54,56,55,54,57,58,45,47,57,57,53,56,57,58,39,41,48,50,51,55,54,55,38,43,46,49,52,52,51,54,0
34,41,35,37,35,34,38,37,67,58,41,32,42,37,34,43,17,75,70,57,25,26,40,45,28,21,42,74,64,36,26,40,29,24,19,40,81,72,36,29,30,27,22,22,37,80,79,46,39,29,18,20,20,34,81,84,38,31,22,18,14,19,26,79,1
39,41,36,42,36,55,65,64,34,35,36,36,29,54,72,65,33,25,29,30,29,58,76,62,36,20,23,26,25,49,66,62,53,23,18,21,23,44,58,61,69,22,17,19,22,37,52,56,89,20,21,19,16,18,44,51,131,26,18,16,20,16,44,45,1
73,56,55,45,36,46,46,32,59,53,49,45,45,46,45,35,65,59,64,53,54,56,46,36,64,63,61,55,51,52,52,23,72,63,68,58,54,57,44,20,75,75,64,66,62,45,32,16,78,74,66,67,55,40,24,25,78,74,64,65,39,27,25,24,1
255,255,255,255,255,255,255,255,255,255,255,255,255,255,255,255,255,255,255,255,255,255,255,255,255,255,255,255,255,255,255,255,255,255,255,255,255,255,255,255,255,255,255,255,255,255,255,255,255,255,255,255,255,255,255,255,255,255,255,255,255,255,255,255,2
255,255,255,255,255,255,255,255,255,255,255,255,255,255,255,255,255,255,255,255,255,255,255,255,255,255,255,255,255,255,255,255,255,255,255,255,255,255,255,255,255,255,255,255,255,255,255,255,255,255,255,255,255,255,255,255,255,255,255,255,255,255,255,255,0
223,215,213,214,214,222,227,222,230,225,230,238,237,234,234,232,241,239,237,237,236,235,231,225,228,238,241,235,230,229,228,229,177,203,230,245,246,237,234,239,157,172,191,213,236,247,244,239,148,154,159,171,193,209,203,190,133,139,139,129,120,122,134,144,2
255,255,255,255,255,255,255,255,255,255,255,255,255,255,255,255,255,255,255,255,255,255,255,255,255,255,255,255,255,255,255,255,255,255,255,255,255,255,255,255,255,255,255,255,255,255,255,255,255,255,255,255,255,255,255,255,255,255,255,255,255,255,255,255,2
97,66,69,68,67,55,51,45,86,89,69,73,68,70,56,48,177,88,75,78,70,67,66,70,228,155,86,89,80,73,65,81,232,196,109,89,80,77,73,70,248,206,173,86,113,95,92,75,236,206,202,121,163,171,161,112,216,204,211,170,160,177,174,176,1
22,18,18,18,26,27,27,30,29,31,30,32,37,33,31,34,31,34,31,30,34,32,33,45,28,30,32,32,33,33,35,56,33,30,37,35,33,34,39,61,37,32,38,35,31,33,47,57,35,34,39,40,38,36,60,44,38,39,35,37,36,35,70,37,1
21,39,56,52,91,33,26,23,25,25,53,52,99,49,48,27,28,23,50,86,50,48,57,52,23,27,41,63,55,54,50,58,27,24,37,40,48,50,55,53,26,23,25,46,52,54,39,37,28,21,25,30,54,39,39,42,26,29,22,23,40,41,39,39,1
40,38,42,41,38,38,37,30,30,34,34,33,30,33,31,31,18,13,20,28,29,31,33,26,14,17,17,16,31,34,32,27,14,18,13,15,13,38,41,32,11,12,16,12,37,39,43,39,17,13,12,35,43,52,42,43,13,13,14,20,40,46,49,50,1
81,49,26,30,37,51,51,42,62,54,27,33,42,43,38,49,51,51,23,27,34,42,42,48,57,40,17,20,21,30,38,45,46,30,25,25,24,25,28,36,63,34,32,30,26,22,23,26,71,46,41,46,51,47,38,33,101,162,168,116,77,78,105,141,1
54,53,48,53,47,40,26,29,26,34,26,27,27,23,23,23,30,28,26,21,26,24,20,29,33,26,23,25,22,21,24,27,32,26,28,23,25,20,25,111,30,26,25,25,22,24,25,74,33,23,28,25,24,25,14,44,27,25,27,26,25,19,22,44,1
124,169,213,210,211,219,223,225,116,159,209,217,213,221,231,228,128,168,207,223,225,222,226,229,194,212,219,227,228,214,217,227,218,222,221,229,225,219,228,233,207,222,223,227,227,224,226,227,209,230,226,225,229,228,225,231,220,229,229,233,230,228,225,228,2
38,43,76,72,74,73,91,102,38,42,74,76,73,71,80,105,33,43,67,81,67,71,78,109,32,29,67,67,73,69,70,80,25,17,61,68,66,79,70,80,20,17,47,64,66,62,71,71,19,22,22,61,70,69,74,66,29,23,24,39,56,61,66,73,1
255,255,255,255,255,255,255,255,255,255,255,255,255,255,255,255,255,255,255,255,255,255,255,255,255,255,255,255,255,255,255,255,255,255,255,255,255,255,255,255,255,255,255,255,255,255,255,255,255,255,255,255,255,255,255,255,255,255,255,255,255,255,255,255,0
228,238,234,226,173,107,59,30,204,219,204,200,193,173,100,38,196,205,205,200,195,190,129,51,155,155,168,172,196,187,161,59,134,122,123,125,126,146,142,147,69,74,67,72,91,101,112,121,62,65,63,69,71,65,66,74,62,62,65,57,63,65,66,69,1
255,255,255,255,255,255,255,255,255,255,255,255,255,255,255,255,255,255,255,255,255,255,255,255,255,255,255,255,255,255,255,255,255,255,255,255,255,255,255,255,255,255,255,255,255,255,255,255,255,255,255,255,255,255,255,255,255,255,255,255,255,255,255,255,2
243,230,91,75,62,56,43,38,230,238,147,91,75,60,63,42,214,212,203,111,87,78,57,52,211,208,227,175,90,77,64,61,205,221,209,209,120,88,70,61,186,196,204,212,155,91,76,65,184,187,192,194,189,102,82,68,184,181,183,183,173,113,85,75,1
45,47,50,53,61,54,77,99,47,48,50,52,56,55,68,83,45,46,50,54,52,57,61,69,47,44,52,55,51,56,58,63,59,46,50,53,52,53,55,58,76,53,45,50,54,54,55,56,92,64,43,49,53,54,54,56,102,75,44,51,49,51,51,54,0
255,255,255,255,255,255,255,255,255,255,255,255,255,255,255,255,255,255,255,255,255,255,255,255,255,255,255,255,255,255,255,255,255,255,255,255,255,255,255,255,255,255,255,255,255,255,255,255,255,255,255,255,255,255,255,255,255,255,255,255,255,255,255,255,2
229,226,219,211,121,116,118,131,210,214,216,196,114,115,113,127,200,213,207,192,111,103,114,120,199,200,204,177,102,102,109,124,202,204,200,140,90,91,95,108,193,205,178,98,87,86,96,99,197,191,152,77,82,89,86,96,193,174,114,79,78,83,89,97,1
21,25,30,31,29,28,29,27,27,29,32,32,31,31,31,30,33,35,38,38,37,37,37,36,31,36,40,41,41,40,39,39,33,40,43,43,43,42,41,42,39,45,45,43,44,43,43,46,41,45,43,41,44,45,44,48,43,47,44,43,49,51,49,52,1
83,39,29,28,29,27,20,42,40,31,33,29,26,26,23,27,31,35,36,35,31,27,25,18,40,38,33,35,34,29,29,23,40,40,38,35,32,33,31,26,45,43,45,39,36,36,31,27,48,44,43,42,41,39,34,30,50,51,49,46,43,41,37,29,1
255,255,255,255,255,255,255,255,255,255,255,255,255,255,255,255,255,255,255,255,255,255,255,255,255,255,255,255,255,255,255,255,255,255,255,255,255,255,255,255,255,255,255,255,255,255,255,255,255,255,255,255,255,255,255,255,255,255,255,255,255,255,255,255,2
255,255,255,255,255,255,255,255,255,255,255,255,255,255,255,255,255,255,255,255,255,255,255,255,255,255,255,255,255,255,255,255,255,255,255,255,255,255,255,255,255,255,255,255,255,255,255,255,255,255,255,255,255,255,255,255,255,255,255,255,255,255,255,255,2
79,72,76,77,75,75,74,77,72,77,74,85,75,74,82,82,83,72,71,63,72,79,87,100,75,88,73,71,78,79,102,177,87,77,72,78,82,90,135,228,75,84,73,77,72,105,121,224,75,84,70,70,76,106,152,215,76,66,72,75,76,83,116,151,0
133,100,89,98,97,97,106,112,164,123,94,93,96,100,108,113,177,146,117,110,113,111,108,111,173,158,137,128,129,122,112,112,160,159,149,147,152,141,117,104,159,160,154,150,155,149,127,109,163,166,163,156,154,149,129,106,188,184,173,157,150,149,135,111,2
255,255,255,255,255,255,255,255,255,255,255,255,255,255,255,255,255,255,255,255,255,255,255,255,255,255,255,255,255,255,255,255,255,255,255,255,255,255,255,255,255,255,255,255,255,255,255,255,255,255,255,255,255,255,255,255,255,255,255,255,255,255,255,255,0
80,140,142,131,103,124,92,58,57,56,129,154,144,164,88,54,66,62,66,89,99,108,66,49,69,76,65,60,64,68,56,57,71,69,76,54,52,58,48,54,62,100,69,63,53,49,61,51,73,99,61,61,50,50,57,47,70,70,87,63,59,45,44,103,0
255,255,255,255,255,255,255,255,255,255,255,255,255,255,255,255,255,255,255,255,255,255,255,255,255,255,255,255,255,255,255,255,255,255,255,255,255,255,255,255,255,255,255,255,255,255,255,255,255,255,255,255,255,255,255,255,255,255,255,255,255,255,255,255,0
207,215,209,206,178,94,73,74,211,205,201,146,79,75,75,94,211,182,100,72,69,73,89,138,133,63,65,69,70,78,112,125,55,58,71,80,73,83,82,81,48,68,79,75,75,68,68,59,55,64,67,72,66,58,50,32,37,44,52,48,34,26,24,30,1
227,202,232,246,245,237,243,233,239,240,235,241,240,227,218,221,233,236,225,228,231,231,224,230,243,234,239,235,238,243,241,241,249,243,251,246,252,251,246,248,255,253,249,254,254,251,247,245,230,229,234,249,241,244,245,242,176,185,213,224,212,212,210,218,2
255,255,255,255,255,255,255,255,255,255,255,255,255,255,255,255,255,255,255,255,255,255,255,255,255,255,255,255,255,255,255,255,255,255,255,255,255,255,255,255,255,255,255,255,255,255,255,255,255,255,255,255,255,255,255,255,255,255,255,255,255,255,255,255,2
29,29,37,30,23,23,27,76,25,22,27,20,21,29,76,86,18,20,18,21,35,88,88,67,15,18,20,51,80,81,53,18,30,17,70,74,72,44,13,15,33,59,82,75,42,15,21,18,53,62,64,28,17,17,30,50,42,52,44,22,28,40,58,80,1
67,76,72,78,92,89,85,108,68,63,81,83,73,87,70,107,64,68,72,82,75,79,74,89,124,58,75,64,65,73,71,72,92,65,73,65,67,66,64,66,76,77,71,63,81,126,110,144,87,71,71,79,154,99,137,200,86,74,83,68,89,93,130,161,0
68,29,24,27,24,24,20,27,41,22,25,26,21,21,16,16,28,22,24,23,19,21,20,18,20,18,18,21,21,18,17,15,21,19,15,18,18,15,15,15,28,28,24,20,18,18,22,22,28,28,29,27,24,25,24,22,33,25,25,24,23,26,26,26,1
209,203,170,125,163,74,96,130,221,209,187,157,194,67,75,147,230,197,177,140,161,110,137,115,221,213,229,250,240,140,111,103,252,254,241,220,156,119,96,84,243,239,206,150,116,84,84,53,228,198,129,94,77,44,43,63,212,139,101,45,43,58,105,159,1
62,68,71,69,75,71,60,47,32,41,42,43,49,43,42,37,31,34,33,39,37,45,44,39,34,72,119,169,177,177,118,70,154,173,177,189,193,196,151,93,171,180,186,191,196,198,192,122,171,177,192,195,195,193,202,151,172,183,190,185,195,200,202,199,1
145,154,158,161,161,160,169,175,149,152,156,166,167,160,166,175,141,143,150,165,172,165,164,168,131,139,149,162,169,169,168,168,129,140,151,157,162,166,167,169,132,137,146,156,165,169,165,166,135,136,144,155,168,172,165,163,133,136,144,149,156,162,160,162,2
252,255,255,255,255,255,254,255,253,252,254,255,252,255,255,253,179,218,217,233,249,253,253,255,107,120,111,125,147,187,234,255,85,80,83,85,84,69,82,150,81,70,73,73,76,74,65,66,80,78,67,74,65,64,81,68,75,82,70,112,124,86,66,70,0
20,23,24,23,22,22,22,19,26,19,16,23,23,18,22,24,38,21,23,22,19,21,17,26,56,34,20,19,17,17,22,27,88,47,30,19,18,21,17,32,84,65,41,28,20,14,18,25,60,60,50,29,18,17,13,18,61,65,49,33,25,16,12,13,1
175,221,255,255,220,194,195,190,100,149,193,205,200,185,187,181,90,97,135,153,157,172,175,179,111,64,86,108,121,123,145,152,57,74,81,81,109,93,128,137,47,64,82,79,106,94,118,115,46,59,119,112,93,118,138,148,47,82,77,114,108,176,106,153,1
255,255,255,255,255,255,255,255,255,255,255,255,255,255,255,255,255,255,255,255,255,255,255,255,255,255,255,255,255,255,255,255,255,255,255,255,255,254,255,255,255,255,255,255,255,255,255,255,255,255,255,255,255,255,254,254,255,255,255,255,255,255,254,254,2
39,38,34,31,35,36,38,33,42,38,40,32,39,31,40,37,48,41,36,34,37,33,38,39,53,47,47,34,39,33,55,64,44,52,48,50,38,39,40,45,43,46,46,44,47,46,48,42,32,43,46,51,44,46,45,45,26,33,40,40,44,43,49,49,1
255,255,255,255,255,255,255,255,255,255,255,255,255,255,255,255,255,255,255,255,255,255,255,255,255,255,255,255,255,255,255,255,255,255,255,255,255,255,255,255,255,255,255,255,255,255,255,255,255,255,255,255,255,255,255,255,255,255,255,255,255,255,255,255,0
56,55,52,48,47,64,59,66,54,56,54,51,53,62,61,62,60,63,59,53,55,57,60,56,54,57,55,53,56,56,58,56,50,52,55,56,54,51,44,45,43,46,51,53,52,50,44,46,41,46,46,43,43,38,39,37,28,37,37,31,35,26,33,25,1
248,244,215,145,67,23,24,20,255,236,226,203,87,33,24,25,255,242,224,216,154,46,20,19,248,243,238,217,195,69,27,25,247,239,232,223,209,140,28,24,239,245,232,230,223,183,27,25,235,240,235,231,229,190,39,25,224,230,228,220,220,193,34,30,1
112,111,109,107,109,115,124,130,109,136,120,96,108,95,112,116,99,126,106,90,88,83,94,128,81,81,80,82,78,74,79,104,88,80,74,77,88,110,119,99,104,85,86,106,127,143,139,123,123,116,130,143,160,154,145,131,128,137,148,210,201,163,143,138,2
36,38,37,37,35,34,41,61,40,35,41,30,31,39,62,87,38,43,29,30,31,47,76,73,32,26,32,29,36,48,71,42,33,31,32,26,31,53,29,49,28,27,27,28,35,46,138,70,26,41,26,28,41,51,48,64,34,28,24,26,28,35,55,96,1
203,100,63,57,62,67,63,26,113,113,107,106,116,127,166,170,97,92,99,98,98,98,98,92,99,97,94,89,86,88,87,89,104,102,100,96,89,88,84,82,96,97,100,94,86,87,85,81,70,103,99,93,94,88,89,80,56,68,98,100,91,85,83,88,1
255,255,255,255,255,255,255,255,255,255,255,255,255,255,255,255,255,255,255,255,255,255,255,255,255,255,255,255,255,255,255,255,255,255,255,255,255,255,255,255,255,255,255,255,255,255,255,255,255,255,255,255,255,255,255,255,255,255,255,255,255,255,255,255,2
29,54,60,69,66,67,52,52,21,40,59,63,66,60,52,49,16,26,57,58,66,54,55,50,19,19,50,54,61,54,59,54,23,19,38,52,55,58,61,58,25,21,27,49,51,60,60,59,27,26,22,44,49,57,59,60,29,29,21,39,48,52,58,60,1
255,255,255,255,255,255,255,255,255,255,255,255,255,255,255,255,255,255,255,255,255,255,255,255,255,255,255,255,255,255,255,255,255,255,255,255,255,255,255,255,255,255,255,255,255,255,255,255,255,255,255,255,255,255,255,255,255,255,255,255,255,255,255,255,2
255,255,255,255,255,255,255,255,255,255,255,255,255,255,255,255,255,255,255,255,255,255,255,255,255,255,255,255,255,255,255,255,255,255,255,255,255,255,255,255,255,255,255,255,255,255,255,255,255,255,255,255,255,255,255,255,255,255,255,255,255,255,255,255,2
200,188,157,146,152,146,120,111,125,115,99,93,98,87,76,81,80,83,81,73,74,68,68,70,65,61,63,64,60,50,48,51,58,51,49,56,55,59,65,71,64,66,68,69,61,62,57,52,45,42,44,47,42,42,48,54,49,52,58,54,55,59,70,72,2
202,221,222,130,77,82,74,64,203,212,227,164,77,89,85,74,216,222,223,211,99,94,87,79,231,225,219,223,141,100,74,70,226,229,224,218,153,58,70,76,227,215,224,228,170,62,66,94,214,209,202,222,188,85,71,120,131,151,159,187,222,138,85,133,2
168,162,167,150,132,68,54,45,171,151,139,146,94,41,39,47,168,158,131,136,38,37,49,46,149,156,127,45,41,47,48,51,142,129,70,40,39,51,46,57,146,111,42,42,43,50,52,58,140,44,41,39,41,45,58,59,52,34,42,44,45,62,54,66,1
47,48,47,48,47,45,48,51,57,56,51,49,49,52,43,47,63,61,67,55,51,72,130,147,61,59,52,62,67,49,86,169,102,99,98,66,57,62,55,97,95,110,128,79,65,67,60,59,62,59,62,65,72,67,73,58,76,64,72,64,72,59,97,87,0
182,181,181,180,178,178,177,177,185,184,183,182,181,180,179,179,190,188,186,185,185,184,183,181,193,191,190,189,188,188,186,185,194,194,193,192,191,190,189,189,197,197,197,196,194,193,193,193,200,200,199,199,198,197,196,195,204,202,201,201,201,200,198,197,2
80,80,80,77,73,71,71,71,81,80,78,76,73,71,69,68,89,87,84,82,81,79,76,74,99,97,94,92,90,89,86,84,108,107,105,102,101,99,97,96,117,116,114,112,110,109,108,107,125,123,121,119,118,117,116,115,134,132,130,128,128,127,125,124,2
52,54,51,47,47,46,47,52,53,51,49,47,46,45,45,48,53,51,49,48,49,51,49,42,48,45,46,48,47,47,45,40,46,41,44,50,46,41,43,47,47,45,45,46,47,50,52,52,45,46,43,41,45,49,48,44,47,45,45,47,45,35,31,39,2
139,137,153,138,130,78,60,40,143,147,147,150,68,60,129,56,137,137,152,87,37,42,82,80,159,158,76,43,39,32,59,84,159,76,50,51,40,21,60,86,74,52,55,52,44,24,38,75,51,56,57,64,44,26,20,53,63,71,91,113,56,25,20,44,1
58,66,59,64,60,63,52,54,70,67,65,64,61,61,63,57,71,71,74,65,60,65,58,57,73,84,107,94,72,64,67,64,102,147,147,150,113,82,71,72,170,145,168,182,179,106,76,75,204,167,138,153,165,108,88,69,174,131,116,152,143,115,77,74,1
255,255,255,255,255,255,255,255,255,255,255,255,255,255,255,255,255,255,255,255,255,255,255,255,255,255,255,255,255,255,255,255,255,255,255,255,255,255,255,255,255,255,255,255,255,255,255,255,255,255,255,255,255,255,255,255,255,255,255,255,255,255,255,255,2
56,48,43,30,19,32,36,39,54,45,39,23,18,32,41,44,54,42,36,19,18,30,42,46,50,35,26,16,15,22,35,46,41,26,15,15,12,16,29,47,27,19,13,19,16,15,20,34,22,23,23,26,25,20,17,19,32,38,40,35,36,32,30,23,1
153,153,153,152,152,151,151,151,156,155,155,154,153,153,153,152,159,159,158,156,156,155,155,154,163,162,160,159,158,157,156,156,166,165,163,161,160,160,159,158,170,168,167,165,164,163,162,160,173,172,171,169,169,167,165,164,176,175,173,172,172,170,168,166,2
194,158,103,47,44,49,50,45,176,172,129,45,41,47,44,46,195,197,98,58,29,39,39,32,203,166,92,77,25,25,31,34,222,129,91,75,28,26,28,30,215,110,82,86,45,31,29,29,235,105,84,82,62,28,25,29,238,102,86,87,77,31,29,26,1
255,255,255,255,255,255,255,255,255,255,255,255,255,255,255,255,255,255,255,255,255,255,255,255,255,255,255,255,255,255,255,255,255,255,255,255,255,255,255,255,255,255,255,255,255,255,255,255,255,255,255,255,255,255,255,255,255,255,255,255,255,255,255,255,2
145,150,138,136,125,125,124,90,149,146,153,148,134,115,113,101,152,149,149,154,150,133,91,84,156,140,153,155,158,154,121,91,158,141,147,153,160,163,149,128,148,144,137,158,170,163,143,142,140,133,143,160,171,165,162,141,145,140,133,141,158,186,183,147,2
199,159,150,111,129,154,128,91,98,115,101,101,93,166,148,76,93,94,91,92,90,105,185,106,101,94,86,86,89,93,100,117,94,92,87,90,83,83,81,125,102,96,92,82,74,63,66,63,105,94,75,59,64,83,117,84,89,60,36,53,83,109,142,86,1
30,56,80,48,40,30,28,17,36,37,79,63,36,37,29,22,33,23,80,188,50,33,29,19,54,25,50,159,220,37,28,24,83,24,47,113,230,89,22,18,113,29,29,72,86,38,20,25,44,19,23,39,32,26,33,46,26,20,24,18,31,38,47,42,1
53,177,202,247,193,189,200,204,201,161,113,202,250,204,215,211,158,183,191,191,198,223,236,234,160,61,108,136,169,180,188,198,149,181,115,166,181,167,132,136,72,88,120,186,225,160,137,139,64,76,167,248,187,107,101,98,53,101,246,235,111,87,87,81,1
255,255,255,255,255,255,255,255,255,255,255,255,255,255,255,255,255,255,255,255,255,255,255,255,255,255,255,255,255,255,255,255,255,255,255,255,255,255,255,255,255,255,255,255,255,255,255,255,255,255,255,255,255,255,255,255,255,255,255,255,255,255,255,255,2
147,148,148,149,151,153,154,155,148,148,149,150,152,153,153,154,148,148,150,151,152,153,153,153,148,148,150,151,152,152,152,152,148,148,149,150,151,152,152,152,148,148,149,149,150,151,152,152,148,148,149,149,150,150,151,151,149,149,149,150,150,150,150,150,2
53,78,71,70,73,70,74,68,32,70,72,72,64,69,68,68,24,32,64,68,69,65,66,66,28,28,25,70,65,67,64,66,30,31,19,20,63,58,64,61,30,24,16,27,102,58,67,61,30,18,21,28,102,75,58,60,27,18,16,43,105,73,26,55,1
77,95,100,99,98,107,101,115,82,96,95,91,101,98,104,84,104,90,94,96,99,93,99,96,99,104,100,88,83,90,108,95,92,93,96,86,93,93,104,96,92,89,93,81,86,98,92,88,93,97,86,93,90,97,104,99,108,98,99,101,98,85,91,88,1
111,123,131,136,144,125,132,167,102,128,128,127,126,127,190,214,104,127,111,118,128,167,215,229,110,154,149,119,166,225,226,221,134,152,132,172,239,235,232,231,154,140,184,241,241,236,235,235,152,190,238,242,241,245,243,241,196,249,246,248,243,245,245,244,0
174,172,172,163,170,186,175,186,132,134,123,129,114,112,138,168,116,128,136,150,189,187,163,141,193,188,218,218,232,246,246,222,208,214,208,226,248,255,252,250,195,202,197,228,253,255,255,248,217,200,192,209,230,236,245,236,193,213,201,203,211,215,216,216,1
26,33,52,66,76,85,86,116,31,35,41,60,77,130,87,98,30,32,43,56,59,74,83,108,31,38,41,47,62,69,71,85,38,44,43,48,55,87,94,83,44,47,44,46,57,66,72,72,52,39,51,50,47,64,62,69,52,46,44,44,50,50,56,46,1
64,84,116,126,92,83,93,64,60,80,105,111,88,90,99,66,41,81,109,96,84,88,85,65,45,78,112,91,79,96,80,64,47,81,97,86,96,90,84,60,47,67,77,70,87,90,74,60,40,61,122,70,88,83,65,61,76,149,115,71,97,95,64,60,1
255,255,255,255,255,255,255,255,255,255,255,255,255,255,255,255,255,255,255,255,255,255,255,255,255,255,255,255,255,255,255,255,255,255,255,255,255,255,255,255,255,255,255,255,255,255,255,255,255,255,255,255,255,255,255,255,255,255,255,255,255,255,255,255,0
71,63,63,55,59,74,114,43,77,63,59,54,46,53,52,33,77,71,63,53,50,43,36,34,76,67,59,55,46,43,37,65,75,69,55,49,42,38,55,71,126,58,56,48,45,46,63,73,130,70,49,44,36,65,81,82,68,58,51,42,55,80,90,110,1
255,255,255,255,255,255,255,255,255,255,255,255,255,255,255,255,255,255,255,255,255,255,255,255,255,255,255,255,255,255,255,255,255,255,255,255,255,255,255,255,255,255,255,255,255,255,255,255,255,255,255,255,255,255,255,255,255,255,255,255,255,255,255,255,0
86,99,116,111,110,96,91,93,88,100,116,116,113,108,102,92,97,106,102,102,109,110,100,94,102,106,101,105,110,103,93,92,107,107,128,146,141,126,116,101,99,108,129,129,115,112,124,135,94,109,122,124,130,141,146,168,117,140,162,162,148,151,151,181,2
25,23,28,35,32,33,36,51,28,23,28,34,32,31,31,38,30,23,31,36,34,29,29,29,29,24,35,40,37,30,31,28,29,26,35,40,38,33,35,29,31,28,32,38,39,37,37,30,30,31,30,36,37,38,38,32,26,31,29,35,34,37,37,36,1
30,33,94,179,75,23,40,50,31,35,47,174,194,28,33,44,24,28,35,122,161,61,30,26,16,23,29,44,165,151,43,31,13,15,14,22,162,165,59,57,13,16,17,22,51,153,147,201,16,13,19,19,25,173,183,107,50,72,82,97,98,98,162,58,1
253,253,253,253,253,253,253,253,253,253,253,253,253,253,253,253,253,253,253,253,253,253,253,253,254,254,254,254,254,254,254,254,254,254,254,254,254,254,254,254,255,255,255,255,255,255,255,255,255,255,255,255,255,255,255,255,255,255,255,255,255,255,255,255,2
255,255,255,255,255,255,255,255,255,255,255,255,255,255,255,255,255,255,255,255,255,255,255,255,255,255,255,255,255,255,255,255,255,255,255,255,255,255,255,255,255,255,255,255,255,255,255,255,255,255,255,255,255,255,255,255,255,255,255,255,255,255,255,255,2
96,98,102,106,110,114,119,123,105,108,113,118,122,126,130,134,118,121,127,132,135,139,143,147,131,135,140,145,148,150,154,157,145,148,152,156,159,161,164,168,157,159,163,166,168,170,173,176,169,170,173,176,178,179,181,183,180,180,182,185,187,187,188,189,2
70,69,55,41,34,36,36,43,62,69,61,58,46,44,42,36,62,57,59,54,44,43,44,45,56,55,50,44,46,39,37,44,52,50,44,45,88,91,109,112,124,100,105,106,106,102,107,110,145,105,110,98,114,97,106,100,108,138,93,106,110,104,97,107,1
255,255,255,255,255,255,255,255,255,255,255,255,255,255,255,255,255,255,255,255,255,255,255,255,255,255,255,255,255,255,255,255,255,255,255,255,255,255,255,255,255,255,255,255,255,255,255,255,255,255,255,255,255,255,255,255,255,255,255,255,255,255,255,255,2
244,246,246,245,243,242,242,242,247,248,247,245,244,243,242,241,249,249,247,246,246,245,241,237,249,248,248,248,247,244,238,233,248,249,250,250,248,243,235,229,250,250,251,250,247,241,233,227,251,250,249,247,244,240,233,228,252,249,246,244,242,240,234,229,2
255,255,255,255,255,255,255,255,255,255,255,255,255,255,255,255,255,255,255,255,255,255,255,255,255,255,255,255,255,255,255,255,255,255,255,255,255,255,255,255,255,255,255,255,255,255,255,255,255,255,255,255,255,255,255,255,255,255,255,255,255,255,255,255,0
42,47,70,82,110,140,163,177,39,47,56,74,91,111,139,152,39,41,45,57,70,100,126,144,67,71,62,70,64,61,67,65,48,38,44,43,40,43,40,52,34,36,37,35,31,35,42,46,30,32,36,35,29,39,38,42,32,31,26,49,43,39,35,39,1
255,255,255,255,255,255,255,255,255,255,255,255,255,255,255,255,255,255,255,255,255,255,255,255,255,255,255,255,255,255,255,255,255,255,255,255,255,255,255,255,255,255,255,255,255,255,255,255,255,255,255,255,255,255,255,255,255,255,255,255,255,255,255,255,2
243,234,241,208,128,87,84,71,241,238,231,237,232,178,112,86,239,236,234,229,228,230,214,184,245,239,232,229,229,225,219,217,239,237,239,236,225,221,220,215,246,239,235,234,232,228,223,220,246,243,239,233,229,227,224,219,247,242,239,237,234,231,227,222,0
213,188,123,98,93,102,204,215,226,188,163,105,100,90,136,234,247,208,175,152,94,91,106,202,217,217,193,189,109,94,101,143,123,239,196,188,157,96,94,110,70,245,207,187,180,109,98,96,52,198,228,183,201,129,100,95,48,71,241,191,200,180,102,96,1
61,55,50,49,35,23,19,29,57,60,56,52,39,30,30,32,82,71,64,80,121,99,91,119,138,152,147,115,95,97,93,98,113,104,101,96,98,136,92,86,115,93,96,92,91,81,88,85,185,101,110,98,97,94,93,100,48,187,100,100,93,84,101,82,1
255,255,255,255,255,255,255,255,255,255,255,255,255,255,255,255,255,255,255,255,255,255,255,255,255,255,255,255,255,255,255,255,255,255,255,255,255,255,255,255,255,255,255,255,255,255,255,255,255,255,255,255,255,255,255,255,255,255,255,255,255,255,255,255,2
115,155,180,202,209,212,222,90,165,183,191,210,247,231,190,83,170,179,196,201,227,225,123,79,167,164,152,128,98,92,90,88,88,85,85,87,85,83,82,84,84,84,77,80,79,83,80,77,93,105,99,77,82,73,78,83,121,116,117,102,84,77,76,79,1
27,76,135,56,67,81,100,122,30,39,52,63,66,79,84,122,27,42,46,58,58,63,67,72,29,40,45,55,56,59,60,64,28,44,47,49,53,55,55,63,22,40,49,50,64,45,53,63,23,44,43,48,58,53,55,58,19,37,45,48,53,55,53,57,1
176,80,48,25,20,19,16,16,167,138,66,21,18,17,15,17,156,157,118,24,21,19,17,13,144,148,163,35,23,15,19,16,156,172,156,32,23,21,19,14,120,169,152,37,21,20,15,15,147,159,163,30,15,19,17,16,171,142,164,26,17,20,18,15,1
63,84,90,75,95,154,150,107,73,70,81,71,70,78,86,84,86,68,68,76,75,73,70,75,69,68,71,74,67,72,69,71,75,70,72,66,68,68,70,65,72,70,73,72,68,65,71,77,68,70,69,75,68,71,74,83,72,69,69,69,73,72,82,88,0
147,145,133,123,114,112,123,129,144,143,132,122,114,114,126,132,149,144,132,122,118,121,130,133,152,140,129,128,129,129,133,138,150,137,131,132,130,125,127,135,143,142,137,126,122,127,130,131,141,140,139,136,147,162,157,146,151,135,139,166,195,199,178,163,2
82,81,82,76,75,83,200,255,84,87,84,78,75,68,126,245,96,82,87,87,86,66,80,202,193,137,96,91,92,76,72,138,239,198,116,92,88,73,63,105,252,241,153,87,91,77,61,80,251,255,184,79,73,66,69,83,241,251,188,91,73,68,67,82,0
163,148,144,137,133,128,130,113,172,154,148,134,121,112,119,114,183,157,149,133,116,101,98,95,197,162,151,139,123,103,87,80,214,175,157,145,131,114,99,96,228,187,159,147,137,126,116,114,241,200,164,150,142,133,122,114,252,214,173,155,144,132,121,109,2
27,25,25,30,22,18,15,18,21,20,18,20,14,14,14,17,22,23,19,16,13,17,20,22,25,25,20,16,16,20,23,23,27,25,19,15,19,21,23,24,30,27,21,16,22,22,24,28,28,28,24,19,25,23,24,27,28,31,31,25,30,26,26,27,1
95,87,97,99,96,94,94,99,99,103,96,97,103,98,97,97,198,156,139,112,99,102,99,97,229,237,226,227,207,207,210,205,250,243,243,232,240,240,220,220,254,253,251,240,251,242,244,242,223,249,253,255,251,252,252,248,222,191,253,255,251,251,254,252,1
255,255,255,255,255,255,255,255,255,255,255,255,255,255,255,255,255,255,255,255,255,255,255,255,255,255,255,255,255,255,255,255,255,255,255,255,255,255,255,255,255,255,255,255,255,255,255,255,255,255,255,255,255,255,255,255,255,255,255,255,255,255,255,255,0
58,54,61,57,57,55,53,52,56,57,58,65,63,63,59,57,56,60,56,62,59,60,62,61,56,60,63,66,75,73,71,61,54,57,61,64,95,123,127,117,57,56,60,64,57,53,55,78,56,61,59,64,69,71,59,55,55,57,69,105,142,132,103,75,0
94,70,66,87,76,91,119,142,86,65,60,57,68,124,158,215,70,62,53,53,93,131,178,243,69,51,53,57,101,106,216,252,72,78,55,79,74,158,240,240,98,227,115,58,84,217,238,245,73,89,55,55,173,237,235,235,46,72,54,119,226,244,240,233,1
235,235,234,234,234,234,234,234,235,235,234,234,234,234,234,234,235,235,235,235,234,235,235,235,236,236,235,235,235,235,236,236,236,236,236,236,236,236,236,237,237,237,237,237,237,237,237,237,237,237,237,237,237,237,237,237,237,237,237,237,237,237,237,237,2
250,250,250,250,250,250,250,250,251,251,251,251,251,252,252,252,253,253,253,253,253,253,253,253,253,253,253,253,253,253,253,253,253,253,253,253,253,253,253,253,254,254,254,254,254,254,254,254,255,255,255,255,255,255,255,254,255,255,255,255,255,255,255,254,2
255,255,255,255,255,255,255,255,255,255,255,255,255,255,255,255,255,255,255,255,255,255,255,255,255,255,255,255,255,255,255,255,255,255,255,255,255,255,255,255,255,255,255,255,255,255,255,255,255,255,255,255,255,255,255,255,255,255,255,255,255,255,255,255,2
109,54,55,64,64,65,74,68,106,52,48,57,62,60,60,68,229,50,50,52,55,53,62,65,53,47,43,52,54,60,54,60,37,37,44,50,48,49,53,55,36,39,41,41,43,47,46,46,31,37,35,36,40,43,39,48,33,29,34,37,34,40,35,41,1
255,254,254,253,253,253,253,253,255,254,254,253,253,253,253,253,255,255,254,254,254,254,254,254,255,255,255,255,254,254,254,254,255,255,255,255,255,255,255,255,255,255,255,255,255,255,255,255,255,255,255,255,255,255,255,255,255,255,255,255,255,255,255,255,2
32,35,37,39,40,56,60,111,34,36,40,44,43,50,54,109,37,37,39,43,42,46,54,107,41,41,41,42,46,52,62,105,38,40,44,45,49,52,64,97,39,38,45,46,46,46,64,91,42,39,46,44,41,45,68,86,35,35,42,38,37,45,68,73,1
125,107,123,127,133,138,148,156,77,89,107,105,108,116,134,137,70,77,76,78,98,108,106,75,56,54,60,67,68,69,66,29,50,55,52,49,53,40,25,20,31,25,30,27,19,17,18,18,35,24,21,19,17,20,18,17,27,24,18,18,20,18,17,19,1
244,244,244,244,244,244,244,244,245,245,245,245,245,245,245,245,245,245,245,245,245,245,245,245,245,245,245,245,245,245,245,245,246,246,246,246,246,246,246,246,248,248,248,247,247,247,247,247,248,248,248,248,248,248,248,248,249,249,249,249,249,249,249,249,2
64,67,67,67,69,73,65,69,73,73,73,72,85,74,71,67,79,81,84,86,89,79,73,68,72,70,80,90,91,82,71,73,59,62,63,68,88,76,71,72,52,58,53,85,104,73,71,97,63,49,61,120,110,73,87,154,115,82,107,124,91,92,142,214,0
187,205,221,218,225,240,241,237,175,181,194,197,198,220,235,231,143,164,171,174,175,189,209,230,118,154,156,157,160,165,173,197,107,132,142,150,145,152,160,165,106,100,108,132,135,140,147,149,133,106,88,97,113,126,138,153,97,104,107,99,102,111,117,126,2
39,42,39,42,45,40,44,52,147,167,174,178,186,171,150,107,188,185,198,199,205,208,205,206,188,198,199,199,198,208,212,211,188,191,176,163,160,169,176,185,167,144,126,112,117,122,127,145,96,105,114,142,128,127,183,240,120,149,168,203,197,237,251,253,1
255,255,255,255,255,255,255,255,255,255,255,255,255,255,255,255,255,255,255,255,255,255,255,255,255,255,255,255,255,255,255,255,255,255,255,255,255,255,255,255,255,255,255,255,255,255,255,255,255,255,255,255,255,255,255,255,255,255,255,255,255,255,255,255,0
255,255,255,255,255,255,255,255,255,255,255,255,255,255,255,255,255,255,255,254,254,254,254,255,255,255,255,255,254,254,255,255,255,255,255,255,255,255,255,255,255,255,255,255,255,255,255,255,255,255,255,255,255,255,255,255,255,255,255,254,254,254,255,255,2
195,192,191,185,198,201,188,173,197,193,197,185,190,169,178,166,195,185,177,173,166,158,150,141,155,165,149,154,154,136,123,105,133,133,134,116,120,104,113,75,91,97,97,102,110,97,210,109,80,86,108,121,81,120,202,173,72,59,71,107,142,139,141,125,1
227,231,220,221,216,194,37,42,239,226,227,224,217,215,52,43,234,237,226,226,219,224,108,40,250,254,244,224,209,220,161,46,253,255,251,230,205,210,188,41,245,250,255,237,212,223,201,44,225,241,229,223,214,210,204,39,202,213,210,211,223,201,189,34,1
253,253,253,253,253,253,253,253,253,253,253,253,253,253,253,253,253,253,253,253,253,253,253,253,254,254,254,254,253,253,253,253,255,255,254,254,254,254,254,254,255,255,255,255,255,255,255,255,255,255,255,255,255,255,255,255,255,255,255,255,255,255,255,255,2
255,255,255,255,255,255,255,255,255,255,255,255,255,255,255,255,255,255,255,255,255,255,255,255,255,255,255,255,255,255,255,255,255,255,255,255,255,255,255,255,255,255,255,255,255,255,255,255,255,255,255,255,255,255,255,255,255,255,255,255,255,255,255,255,2
255,255,255,255,255,255,255,255,255,255,255,255,255,255,255,255,255,255,255,255,255,255,255,255,255,255,255,255,255,255,255,255,255,255,255,255,255,255,255,255,255,255,255,255,255,255,255,255,255,255,255,255,255,255,255,255,255,255,255,255,255,255,255,255,0
255,255,255,255,255,255,255,255,255,255,255,255,255,255,255,255,255,255,255,255,255,255,255,255,255,255,255,255,255,255,255,255,255,255,255,255,255,255,255,255,255,255,255,255,255,255,255,255,255,255,255,255,255,255,255,255,255,255,255,255,255,255,255,255,2
255,255,255,252,255,255,254,255,255,255,255,255,252,252,255,255,253,252,255,251,255,255,251,254,255,247,241,234,197,215,240,238,198,133,105,108,133,139,131,138,110,93,97,100,119,114,112,101,101,85,85,88,81,106,96,94,78,80,85,80,87,83,77,90,0
175,189,209,220,215,221,214,195,201,209,223,218,219,225,230,229,206,213,210,211,223,223,227,224,198,201,203,207,214,226,223,231,189,196,192,206,211,219,233,233,180,180,192,199,209,220,231,229,164,176,184,195,204,209,227,221,152,162,165,179,189,197,194,181,1
254,255,158,121,109,108,90,93,253,253,153,114,109,106,111,74,253,254,141,116,108,102,108,116,226,255,141,116,109,107,107,103,111,253,144,108,104,106,98,98,51,211,138,115,107,100,97,101,48,83,139,118,106,99,98,90,46,46,103,117,149,94,95,97,1
255,255,255,255,255,255,255,255,255,255,255,255,255,255,255,255,255,255,255,255,255,255,255,255,255,255,255,255,255,255,255,255,255,255,255,255,255,255,255,255,255,255,255,255,255,255,255,255,255,255,255,255,255,255,255,255,255,255,255,255,255,255,255,255,2
106,109,109,112,102,109,113,112,196,131,110,109,114,110,115,116,218,229,210,157,136,130,124,126,224,218,220,226,218,236,219,132,214,217,215,221,216,200,124,144,205,217,212,189,125,47,107,122,205,201,161,58,35,34,30,35,181,140,41,35,34,32,33,35,1
255,255,255,255,255,255,255,255,255,255,255,255,255,255,255,255,255,255,255,255,255,255,255,255,255,255,255,255,255,255,255,255,255,255,255,255,255,255,255,255,255,255,255,255,255,255,255,255,255,255,255,255,255,255,255,255,255,255,255,255,255,255,255,255,2
255,255,255,255,255,255,255,255,255,255,255,255,255,255,255,255,255,255,255,255,255,255,255,255,255,255,255,255,255,255,255,255,255,255,255,255,255,255,255,255,255,255,255,255,255,255,255,255,255,255,255,255,255,255,255,255,255,255,255,255,255,255,255,255,2
143,225,233,223,228,223,216,218,120,203,233,224,222,225,225,216,114,142,209,230,222,224,221,195,101,106,118,205,223,217,225,187,106,108,106,103,115,147,139,99,102,97,100,102,103,96,94,84,101,104,99,92,96,101,75,91,100,102,94,95,104,68,90,93,1
255,255,255,255,255,255,255,255,255,255,255,255,255,255,255,255,255,255,255,255,255,255,255,255,255,255,255,255,255,255,255,255,255,255,255,255,255,255,255,255,255,255,255,255,255,255,255,255,255,255,255,255,255,255,255,255,255,255,255,255,255,255,255,255,2
28,37,42,45,47,59,60,79,26,35,37,46,49,58,73,105,26,38,39,51,54,57,73,105,21,37,44,54,59,63,71,91,22,33,47,54,61,68,68,83,24,27,44,55,61,66,66,78,20,19,36,54,63,67,70,75,23,20,32,52,63,70,77,72,1
220,221,222,224,227,229,231,232,233,234,234,235,235,235,234,234,239,239,239,240,241,241,240,239,246,244,243,242,242,242,241,240,247,244,242,241,241,241,239,237,243,241,239,239,239,239,237,235,242,238,235,233,234,234,233,231,229,225,221,221,224,228,230,231,2
255,255,255,255,255,255,255,255,255,255,255,255,255,255,255,255,255,255,255,255,255,255,255,255,255,255,255,255,255,255,255,255,255,255,255,255,255,255,255,255,255,255,255,255,255,255,255,255,255,255,255,255,255,255,255,255,255,255,255,255,255,255,255,255,2
64,75,80,88,83,81,38,31,74,78,88,78,93,81,29,25,77,76,84,78,92,48,29,24,74,88,83,81,92,26,25,34,78,78,84,81,72,34,23,22,77,68,94,93,39,28,30,26,73,77,81,78,32,28,25,25,67,92,96,78,27,30,27,27,1
72,64,71,70,66,69,63,57,76,67,68,66,69,79,71,59,69,71,73,64,64,75,73,66,72,66,66,67,67,67,66,71,69,69,69,67,65,66,67,68,67,72,73,68,64,69,71,66,82,67,64,75,76,71,70,69,82,74,74,79,75,73,76,73,2
255,255,255,255,255,255,255,255,255,255,255,255,255,255,255,255,255,255,255,255,255,255,255,255,255,255,255,255,255,255,255,255,255,255,255,255,255,255,255,255,255,255,255,255,255,255,255,255,255,255,255,255,255,255,255,255,255,255,255,255,255,255,255,255,2
255,255,255,255,255,255,255,255,255,255,255,255,255,255,255,255,255,255,255,255,255,255,255,255,255,255,255,255,255,255,255,255,255,255,255,255,255,255,255,255,255,255,255,255,255,255,255,255,255,255,255,255,255,255,255,255,255,255,255,255,255,255,255,255,2
235,235,235,235,235,235,235,235,235,235,235,235,235,235,235,235,235,235,235,235,235,235,235,235,236,236,236,236,236,236,236,236,237,237,237,237,237,237,237,237,237,237,237,237,237,237,237,237,237,237,237,237,237,237,237,237,238,238,238,238,238,238,238,238,2
255,255,255,255,255,255,255,255,255,255,255,255,255,255,255,255,255,255,255,255,255,255,255,255,255,255,255,255,255,255,255,255,255,255,255,255,255,255,255,255,255,255,255,255,255,255,255,255,255,255,255,255,255,255,255,255,255,255,255,255,255,255,255,255,2
183,187,181,191,184,169,164,159,176,182,180,187,178,161,159,160,159,171,176,182,176,158,157,156,154,160,171,180,175,156,158,159,153,159,162,167,173,158,153,155,147,152,167,184,182,160,157,163,190,221,213,201,216,214,184,169,227,230,238,233,212,222,225,203,2
122,152,135,157,171,181,174,186,110,126,132,130,154,144,168,160,111,112,126,132,142,134,139,170,138,118,128,119,134,130,125,166,106,94,105,114,132,140,133,147,111,92,98,109,123,150,135,120,78,96,69,80,109,159,119,130,47,49,45,52,57,80,115,137,1
244,244,241,238,235,233,229,225,239,238,236,233,232,229,220,211,233,233,231,230,229,224,209,194,226,228,229,228,227,219,201,184,215,220,225,226,224,216,200,186,200,207,215,219,219,213,204,195,185,190,199,206,210,208,204,201,173,177,185,195,201,202,202,201,2
93,85,89,90,116,128,130,127,86,79,116,155,122,132,124,138,89,129,144,135,132,118,103,132,135,133,135,126,138,132,105,95,144,151,135,125,130,111,121,138,142,158,148,159,118,126,140,141,145,150,152,143,111,116,132,153,147,147,115,147,140,130,155,145,1
255,255,255,255,255,255,255,255,255,255,255,255,255,255,255,255,255,255,255,255,255,255,255,255,255,255,255,255,255,255,255,255,255,255,255,255,255,255,255,255,255,255,255,255,255,255,255,255,255,255,255,255,255,255,255,255,255,255,255,255,255,255,255,255,2
77,79,66,72,68,68,66,64,72,91,73,80,71,67,66,64,74,71,72,84,71,71,73,64,79,115,168,127,91,83,74,64,70,135,231,253,177,105,83,96,72,131,252,245,236,171,87,79,77,86,122,233,253,238,108,68,66,108,100,199,254,233,198,104,0
166,165,179,185,142,137,146,146,186,174,189,202,197,180,134,132,179,177,200,211,202,205,182,129,177,176,195,209,221,202,208,126,148,165,180,209,201,190,201,176,145,152,165,178,196,201,217,192,105,135,147,165,185,195,194,188,104,118,126,145,161,187,170,172,1
101,95,102,117,128,133,137,138,96,101,99,103,118,128,130,135,87,100,102,102,110,118,123,129,87,93,105,110,109,112,120,125,94,94,100,108,110,113,120,125,91,97,99,103,112,114,117,127,81,93,101,107,115,115,117,126,79,83,98,113,117,117,121,124,2
25,21,33,44,48,54,51,42,37,30,25,27,42,53,48,59,47,43,30,28,24,36,51,59,55,42,34,32,26,23,21,47,57,53,35,34,31,29,27,18,69,50,47,41,32,35,32,19,61,67,52,34,37,34,37,26,70,61,50,38,46,41,42,33,1
28,38,33,35,41,47,54,68,26,30,34,32,48,49,51,54,28,29,29,28,36,48,51,58,28,28,30,31,33,47,48,60,36,29,35,30,38,40,44,54,41,36,35,31,33,34,39,55,36,41,36,39,35,35,35,50,39,43,39,37,44,36,36,42,1
255,255,255,255,255,255,255,255,255,255,255,255,255,255,255,255,255,255,255,255,255,255,255,255,255,255,255,255,255,255,255,255,255,255,255,255,255,255,255,255,255,255,255,255,255,255,255,255,255,255,255,255,255,255,255,255,255,255,255,255,255,255,255,255,0
249,249,249,249,248,248,248,248,250,249,249,249,249,249,249,249,250,250,250,250,250,250,250,250,250,250,250,250,250,250,250,250,251,251,251,251,251,251,251,251,252,252,252,252,252,252,252,252,253,253,252,252,252,252,252,252,253,253,253,253,253,253,253,253,2
178,177,175,174,173,171,169,168,181,180,178,177,176,174,172,171,184,183,181,180,179,178,176,174,187,186,184,183,182,180,178,177,191,190,188,186,185,183,181,180,194,193,191,189,188,186,184,183,197,196,194,193,192,190,188,186,200,198,197,196,195,194,192,190,2
204,73,66,80,61,48,47,49,137,207,85,77,63,45,54,51,177,76,188,99,78,56,48,50,91,147,70,163,85,44,47,45,87,99,138,63,167,66,52,45,88,90,94,158,49,187,56,44,91,91,87,89,148,67,177,60,89,89,91,93,95,129,52,197,1
86,84,82,82,85,88,88,86,93,92,91,87,85,84,83,83,106,103,100,97,96,95,92,90,112,110,108,107,108,108,105,102,119,120,120,118,116,115,115,115,130,130,129,127,126,126,125,124,139,137,135,135,136,137,136,134,147,147,147,146,145,145,146,146,2
255,255,255,255,255,255,255,255,255,255,255,255,255,255,255,255,255,255,255,255,255,255,255,255,255,255,255,255,255,255,255,255,255,255,255,255,255,255,255,255,255,255,255,255,255,255,255,255,255,255,255,255,255,255,255,255,255,255,255,255,255,255,255,255,2
22,22,26,18,22,25,37,37,23,20,23,19,27,30,39,38,26,22,24,21,27,31,42,43,23,21,23,21,26,32,42,43,22,20,19,18,25,32,36,32,20,19,18,16,19,26,34,35,20,19,20,19,15,20,33,43,31,27,27,26,17,13,19,30,1
255,255,255,255,255,255,255,255,255,255,255,255,255,255,255,255,255,255,255,255,255,255,255,255,255,255,255,255,255,255,255,255,255,255,255,255,255,255,255,255,255,255,255,255,255,255,255,255,255,255,255,255,255,255,255,255,255,255,255,255,255,255,255,255,0
255,255,255,255,255,255,255,255,255,255,255,255,255,255,255,255,255,255,255,255,255,255,255,255,255,255,255,255,255,255,255,255,255,255,255,255,255,255,255,255,255,255,255,255,255,255,255,255,255,255,255,255,255,255,255,255,255,255,255,255,255,255,255,255,2
237,237,237,237,237,237,237,237,238,238,238,238,238,238,238,238,240,240,240,240,240,240,240,240,241,241,241,241,241,241,241,241,241,241,241,241,241,241,241,241,241,241,241,241,241,241,241,241,242,242,242,242,242,242,242,242,244,244,244,244,244,244,243,243,2
67,81,95,134,172,187,212,223,97,91,114,141,157,186,197,210,212,128,117,134,162,175,196,198,206,202,132,135,159,174,180,187,206,204,187,132,145,162,179,202,223,213,212,139,144,151,169,182,228,216,224,177,140,135,147,168,223,208,213,208,121,123,144,151,1
255,255,255,255,255,255,255,255,255,255,255,255,255,255,255,255,255,255,255,255,255,255,255,255,255,255,255,255,255,255,255,255,255,255,255,255,255,255,255,255,255,255,255,255,255,255,255,255,255,255,255,255,255,255,255,255,255,255,255,255,255,255,255,255,2
255,255,255,255,255,255,255,255,255,255,255,255,255,255,255,255,255,255,255,255,255,255,255,255,255,255,255,255,255,255,255,255,255,255,255,255,255,255,255,255,255,255,255,255,255,255,255,255,255,255,255,255,255,255,255,255,255,255,255,255,255,255,255,255,0
42,48,62,61,64,63,69,84,36,36,52,60,62,62,65,76,36,32,31,40,57,67,58,59,42,31,30,35,37,52,55,53,45,40,34,38,37,37,39,55,53,41,41,46,40,40,40,36,53,54,54,50,48,46,42,33,66,60,61,58,55,51,51,38,1
104,160,195,187,196,189,203,188,189,204,196,187,203,197,193,164,204,215,197,200,184,179,164,195,174,182,199,193,188,178,193,195,196,193,185,186,172,202,189,183,200,180,193,168,206,182,188,188,196,185,176,192,190,186,189,182,192,169,208,190,192,186,170,176,1
255,255,255,255,255,255,255,255,255,255,255,255,255,255,255,255,255,255,255,255,255,255,255,255,255,255,255,255,255,255,255,255,255,255,255,255,255,255,255,255,255,255,255,255,255,255,255,255,255,255,255,255,255,255,255,255,255,255,255,255,255,255,255,255,0
255,255,255,255,255,255,255,255,255,255,255,255,255,255,255,255,255,255,255,255,255,255,255,255,255,255,255,255,255,255,255,255,255,255,255,255,255,255,255,255,255,255,255,255,255,255,255,255,255,255,255,255,255,255,255,255,255,255,255,255,255,255,255,255,0
82,84,81,69,66,63,62,82,89,87,84,74,70,69,64,72,99,89,87,83,77,74,70,74,110,92,85,86,84,77,73,80,117,98,83,84,90,83,73,75,115,107,92,88,93,90,78,73,120,115,106,98,96,96,90,81,132,122,111,104,98,99,99,87,2
255,255,255,255,255,255,255,255,255,255,255,255,255,255,255,255,255,255,255,255,255,255,255,255,255,255,255,255,255,255,255,255,255,255,255,255,255,255,255,255,255,255,255,255,255,255,255,255,255,255,255,255,255,255,255,255,255,255,255,255,255,255,255,255,0
116,116,117,118,120,120,120,121,118,118,118,119,120,120,120,121,121,121,120,121,121,122,122,122,125,123,123,123,123,123,124,124,126,125,124,125,125,125,125,126,127,126,126,126,127,126,126,127,129,128,128,128,128,128,127,127,131,130,130,130,130,129,128,128,2
250,253,255,255,255,254,254,255,252,253,255,255,255,254,255,255,254,254,255,255,255,255,255,255,255,255,255,255,255,255,255,255,255,255,255,255,255,255,255,255,255,255,255,255,255,255,255,255,255,255,255,255,255,255,255,255,254,255,255,255,255,255,255,255,2
252,255,250,240,228,209,182,161,249,244,229,205,177,155,147,150,223,200,173,158,151,151,162,179,172,166,163,170,177,179,185,197,161,172,186,196,200,203,210,220,187,199,211,217,220,222,222,223,204,214,221,225,228,231,234,236,218,223,228,232,236,237,239,243,2
151,154,154,155,158,156,155,160,149,152,152,155,158,156,155,155,158,156,150,151,154,155,161,161,156,157,155,159,159,158,160,154,154,156,157,157,146,133,122,105,160,158,162,156,139,125,110,91,161,156,164,155,136,124,105,85,151,142,150,140,122,116,98,81,0
97,77,76,71,45,49,46,43,68,80,57,54,48,47,49,38,66,53,48,49,49,53,43,52,69,53,50,54,47,52,51,49,57,64,52,54,54,51,52,46,62,60,59,56,58,54,44,56,71,69,65,60,54,52,52,50,70,67,66,62,57,54,54,49,1
255,255,255,255,255,255,255,255,255,255,255,255,255,255,255,255,255,255,255,255,255,255,255,255,255,255,255,255,255,255,255,255,255,255,255,255,255,255,255,255,255,255,255,255,255,255,255,255,255,255,255,255,255,255,255,255,255,255,255,255,255,255,255,255,2
55,59,165,255,255,251,255,255,45,53,75,246,252,255,255,249,47,46,57,205,255,255,255,255,52,44,51,111,249,255,250,254,56,44,49,56,226,250,255,255,100,37,48,52,76,252,253,255,159,44,43,46,54,164,253,255,156,42,43,45,47,59,244,254,1
114,89,89,109,114,119,118,123,156,140,110,98,115,131,129,132,145,154,152,134,123,133,163,184,134,136,153,162,153,148,162,156,127,131,140,150,159,159,166,162,129,136,137,141,150,151,159,171,145,146,147,149,148,149,159,179,136,147,157,165,167,169,166,180,2
30,25,23,24,39,53,69,77,148,32,20,24,48,65,75,81,208,106,32,35,59,68,79,89,220,212,38,49,61,77,83,90,224,216,198,60,65,88,98,97,232,221,213,59,79,92,98,101,218,218,209,84,85,94,104,100,206,219,216,161,90,106,112,97,1
255,255,255,255,255,255,255,255,255,255,255,255,255,255,255,255,255,255,255,255,255,255,255,255,255,255,255,255,255,255,255,255,255,255,255,255,255,255,255,255,255,255,255,255,255,255,255,255,255,255,255,255,255,255,255,255,255,255,255,255,255,255,255,255,0
66,68,68,65,69,72,71,76,65,66,71,71,70,72,72,74,66,65,74,75,71,73,74,72,62,63,70,73,72,75,74,72,54,57,62,66,73,77,74,75,50,55,58,62,71,76,74,78,56,57,59,57,59,65,69,75,62,58,59,52,44,49,60,67,1
49,52,47,44,45,41,35,29,51,56,53,53,53,46,38,31,49,55,55,54,52,44,35,28,57,62,61,60,55,47,39,32,59,63,62,59,52,44,39,32,61,64,65,62,54,46,41,32,60,63,65,63,54,45,39,30,61,64,65,63,53,44,39,28,1
255,255,255,255,255,255,255,255,255,255,255,255,255,255,255,255,255,255,255,255,255,255,255,255,255,255,255,255,255,255,255,255,255,255,255,255,255,255,255,255,255,255,255,255,255,255,255,255,255,255,255,255,255,255,255,255,255,255,255,255,255,255,255,255,0
255,255,255,255,255,255,255,255,255,255,255,255,255,255,255,255,255,255,255,255,255,255,255,255,255,255,255,255,255,255,255,255,255,255,255,255,255,255,255,255,255,255,255,255,255,255,255,255,255,255,255,255,255,255,255,255,255,255,255,255,255,255,255,255,0
62,61,63,69,69,72,79,85,87,86,76,67,60,62,70,68,119,112,115,112,99,92,89,82,140,130,136,134,134,134,131,139,137,147,147,138,149,150,146,148,148,155,150,145,148,148,161,150,156,147,147,148,147,142,158,155,177,170,174,173,195,199,206,233,0
168,155,189,202,205,197,193,201,151,173,192,200,199,195,203,197,165,185,200,212,207,194,188,188,172,167,186,202,199,190,180,190,144,148,152,153,186,211,205,211,123,121,133,105,128,203,225,223,105,88,131,111,82,159,203,189,92,83,87,83,70,118,154,155,2
255,255,255,255,255,255,255,255,255,255,255,255,255,255,255,255,255,255,255,255,255,255,255,255,255,255,255,255,255,255,255,255,255,255,255,255,255,255,255,255,255,255,255,255,255,255,255,255,255,255,255,255,255,255,255,255,255,255,255,255,255,255,255,255,0
255,255,255,255,255,255,255,255,255,255,255,255,255,255,255,255,255,255,255,255,255,255,255,255,255,255,255,255,255,255,255,255,255,255,255,255,255,255,255,255,255,255,255,255,255,255,255,255,255,255,255,255,255,255,255,255,255,255,255,255,255,255,255,255,0
79,81,82,81,85,88,57,85,82,79,77,82,81,86,73,86,81,80,78,84,82,74,81,88,79,80,82,83,88,66,81,89,78,78,81,81,82,73,85,90,79,77,81,82,64,79,89,90,78,79,83,83,61,79,88,92,78,78,81,81,75,82,87,94,1
81,103,115,116,118,128,145,144,72,81,94,101,109,106,118,132,65,67,70,89,102,117,113,119,63,66,66,70,93,103,114,123,63,70,68,64,76,134,204,216,69,70,75,161,211,219,209,220,91,170,214,213,213,214,219,205,216,216,222,218,216,206,211,200,1
255,255,255,255,255,255,255,255,255,255,255,255,255,255,255,255,255,255,255,255,255,255,255,255,255,255,255,255,255,255,255,255,255,255,255,255,255,255,255,255,255,255,255,255,255,255,255,255,255,255,255,255,255,255,255,255,255,255,255,255,255,255,255,255,0
255,255,255,255,255,255,255,255,255,255,255,255,255,255,255,255,255,255,255,255,255,255,255,255,255,255,255,255,255,255,255,255,255,255,255,255,255,255,255,255,255,255,255,255,255,255,255,255,255,255,255,255,255,255,255,255,255,255,255,255,255,255,255,255,2
255,255,255,255,255,255,255,255,255,255,255,255,255,255,255,255,255,255,255,255,255,255,255,255,255,255,255,255,255,255,255,255,255,255,255,255,255,255,255,255,255,255,255,255,255,255,255,255,255,255,255,255,255,255,255,255,255,255,255,255,255,255,255,255,0
246,244,244,241,225,208,235,241,254,249,248,249,245,235,248,244,252,250,252,250,252,246,250,243,255,255,255,254,255,252,252,252,254,253,254,251,254,254,252,255,255,254,255,254,255,255,254,255,255,255,255,255,254,254,254,255,255,255,253,255,254,255,255,253,0
91,83,144,233,156,97,93,92,96,89,111,207,200,117,100,93,99,89,93,151,231,165,107,91,98,100,93,110,229,207,126,101,103,99,91,96,164,216,179,111,125,98,96,97,128,225,203,147,185,106,93,93,100,182,218,193,210,146,103,98,93,130,243,197,1
255,255,255,255,255,255,255,255,255,255,255,255,255,255,255,255,255,255,255,255,255,255,255,255,255,255,255,255,255,255,255,255,255,255,255,255,255,255,255,255,255,255,255,255,255,255,255,255,255,255,255,255,255,255,255,255,255,255,255,255,255,255,255,255,0
218,209,203,202,192,197,222,225,213,211,200,196,211,228,217,213,214,196,193,198,216,209,209,207,183,190,219,205,207,205,172,114,190,207,207,194,135,78,53,41,202,180,121,63,32,39,39,38,104,63,25,21,24,27,37,38,30,23,19,20,15,33,34,39,1
146,150,154,157,157,158,157,156,143,147,153,157,156,154,152,152,157,158,162,166,164,159,157,157,166,166,167,169,171,170,169,169,165,167,170,174,182,190,192,191,158,164,171,179,190,201,205,204,160,169,179,187,194,202,206,208,157,167,178,185,187,190,195,200,2
252,251,169,65,71,91,75,61,206,115,62,61,80,85,63,51,128,108,93,69,67,64,64,60,86,91,98,84,79,94,76,74,81,82,84,78,90,85,83,69,76,92,91,71,73,82,76,75,77,69,76,83,90,66,81,76,84,74,76,84,95,79,85,71,0
115,118,120,119,125,200,60,65,104,109,115,118,113,124,146,175,107,102,112,112,110,116,116,122,92,101,100,101,103,103,107,114,99,93,99,99,104,104,106,108,85,86,91,101,103,105,106,100,84,89,99,104,103,96,97,107,88,89,95,99,92,106,91,98,1
249,246,242,240,238,235,233,231,244,244,242,239,236,233,228,223,243,244,242,236,232,230,225,219,247,246,242,234,229,227,226,223,250,247,242,236,230,229,230,232,249,246,242,238,234,232,233,234,246,244,240,237,235,234,230,227,245,243,239,235,234,233,227,218,2
255,255,255,255,255,255,255,255,255,255,255,254,254,255,255,255,255,255,255,255,255,255,255,255,254,255,255,255,255,255,254,254,253,254,254,254,254,254,253,253,255,254,253,253,252,253,254,255,255,255,254,254,253,254,254,255,253,254,255,255,255,254,253,253,0
82,181,239,223,237,119,79,73,72,88,140,217,186,102,97,82,75,69,82,107,100,79,91,83,76,71,124,84,71,71,69,70,69,62,70,76,67,67,67,68,64,70,68,68,82,73,71,64,63,68,64,78,61,74,85,68,60,62,67,64,69,64,66,70,0
255,255,255,254,254,254,254,254,255,255,255,254,254,254,254,254,255,255,255,254,254,254,254,253,255,255,255,254,254,254,254,253,255,255,255,254,254,254,254,253,255,255,255,254,254,254,254,253,255,255,255,254,254,254,253,252,254,255,255,254,253,253,253,252,2
187,175,172,183,201,211,215,171,174,181,184,189,204,206,208,188,187,190,186,184,198,204,211,209,195,195,200,197,200,201,206,205,197,198,205,204,205,205,202,198,190,196,201,200,203,201,191,187,202,206,202,188,175,177,187,191,217,212,208,195,173,182,201,196,2
255,255,255,255,255,255,255,255,255,255,255,255,255,255,255,255,255,255,255,255,255,255,255,255,255,255,255,255,255,255,255,255,255,255,255,255,255,255,255,255,255,255,255,255,255,255,255,255,255,255,255,255,255,255,255,255,255,255,255,255,255,255,255,255,0
45,47,58,114,120,115,234,211,45,43,54,86,113,183,222,212,46,41,44,73,112,206,212,207,48,49,45,52,114,211,206,207,44,47,43,48,181,207,205,206,50,48,52,78,216,210,211,214,51,56,55,180,226,213,215,219,51,58,82,238,228,231,226,221,1
68,74,75,71,72,69,74,73,67,70,69,70,74,69,57,39,52,57,54,46,35,35,41,43,23,27,31,41,40,44,47,46,26,34,39,47,45,49,54,56,31,42,45,49,54,60,64,66,38,49,54,56,63,65,78,93,42,48,52,57,69,72,100,134,1
255,255,255,255,255,255,255,255,255,255,255,255,255,255,255,255,255,255,255,255,255,255,255,255,255,255,255,255,255,255,255,255,255,255,255,255,255,255,255,255,255,255,255,255,255,255,255,255,255,255,255,255,255,255,255,255,255,255,255,255,255,255,255,255,2
255,255,255,255,255,255,255,255,255,255,255,255,255,255,255,255,255,255,255,255,255,255,255,255,255,255,255,255,255,255,255,255,255,255,255,255,255,255,255,255,255,255,255,255,255,255,255,255,255,255,255,255,255,255,255,255,255,255,255,255,255,255,255,255,2
255,255,255,255,255,255,255,255,255,255,255,255,255,255,255,255,255,255,255,255,255,255,255,255,255,255,255,255,255,255,255,255,255,255,255,255,255,255,255,255,255,255,255,255,255,255,255,255,255,255,255,255,255,255,255,255,255,255,255,255,255,255,255,255,2
59,58,54,51,52,54,58,59,60,55,54,54,58,60,57,63,58,53,56,54,57,62,70,96,62,63,65,67,77,93,124,167,71,80,84,108,151,181,188,182,113,138,160,184,192,181,183,187,176,193,194,189,188,191,196,191,199,195,194,197,198,196,194,196,0
126,136,138,142,147,153,151,129,109,115,116,122,130,136,135,116,99,102,100,104,110,114,109,90,78,86,89,92,97,97,84,61,60,70,78,85,89,81,63,46,58,59,62,69,70,59,47,44,48,45,44,45,46,41,37,42,37,39,38,34,35,34,30,31,1
44,43,41,41,43,42,43,40,44,44,44,41,43,43,40,40,40,34,39,41,35,35,37,43,32,34,35,35,33,38,37,33,25,34,29,30,31,32,32,34,31,31,30,38,32,34,34,30,29,26,27,30,29,39,33,39,29,30,25,25,30,26,37,123,1
255,255,255,255,255,255,255,255,255,255,255,255,255,255,255,255,255,255,255,255,255,255,255,255,255,255,255,255,255,255,255,255,255,255,255,255,255,255,255,255,255,255,255,255,255,255,255,255,255,255,255,255,255,255,255,255,255,255,255,255,255,255,255,255,0
200,201,209,189,185,181,169,165,203,190,204,187,178,182,159,149,202,181,196,174,185,162,80,57,203,202,186,166,135,53,45,32,180,164,160,79,46,37,26,28,148,82,53,48,39,24,20,34,50,65,49,38,31,28,28,32,54,46,44,42,37,32,24,32,1
255,255,255,255,255,255,255,255,255,255,255,255,255,255,255,255,255,255,255,255,255,255,255,255,255,255,255,255,255,255,255,255,255,255,255,255,255,255,255,255,255,255,255,255,255,255,255,255,255,255,255,255,255,255,255,255,255,255,255,255,255,255,255,255,0
255,255,255,255,255,255,255,255,255,255,255,255,255,255,255,255,255,255,255,255,255,255,255,255,255,255,255,255,255,255,255,255,255,255,255,255,255,255,255,255,255,255,255,255,255,255,255,255,255,255,255,255,255,255,255,255,255,255,255,255,255,255,255,255,2
50,50,50,49,49,49,50,51,53,54,54,54,55,55,57,58,60,60,61,61,62,63,65,66,70,70,70,71,72,73,74,75,81,81,82,82,83,84,84,84,92,92,92,92,93,94,94,93,103,103,103,103,104,104,103,103,113,113,113,113,113,113,112,111,2
56,22,22,25,26,26,32,29,41,35,25,25,25,23,25,26,39,45,50,23,21,20,18,18,50,40,55,60,13,22,21,17,53,58,56,62,39,14,11,14,65,75,73,55,56,19,14,32,108,154,183,82,48,13,26,45,140,146,175,121,43,27,45,49,1
246,245,245,245,245,245,245,244,245,245,245,245,245,246,246,245,246,246,246,246,246,246,246,246,247,248,248,247,246,246,246,247,248,249,249,248,248,247,247,248,249,249,249,249,249,249,249,249,249,249,249,249,249,249,249,249,250,249,249,249,249,249,249,249,2
255,255,255,255,255,255,255,255,255,255,255,255,255,255,255,255,255,255,255,255,255,255,255,255,255,255,255,255,255,255,255,255,255,255,255,255,255,255,255,255,255,255,255,255,255,255,255,255,255,255,255,255,255,255,255,255,255,255,255,255,255,255,255,255,0
173,171,196,187,201,205,201,205,198,177,179,197,188,197,187,87,165,185,180,190,162,87,60,54,192,184,143,80,57,50,52,40,72,56,48,44,43,28,30,33,48,50,40,28,25,30,26,29,44,33,32,33,28,33,25,27,52,40,33,34,36,28,30,31,1
43,40,33,28,33,35,45,44,51,40,32,30,32,36,48,46,46,45,39,31,29,32,38,35,47,52,42,29,30,33,35,36,44,49,46,38,31,29,30,35,44,45,47,42,30,31,30,29,39,44,47,48,40,31,23,36,28,42,45,47,42,32,65,150,1
45,25,22,26,28,30,34,31,50,25,25,26,27,29,33,31,81,22,24,23,25,31,29,30,107,27,22,23,24,26,31,33,70,23,23,24,24,32,62,66,42,23,22,22,63,83,63,46,28,17,55,78,74,56,43,49,23,84,81,53,49,40,43,39,1
90,87,89,89,89,229,247,160,93,91,87,90,98,231,254,112,88,92,90,87,117,245,235,87,93,95,91,85,98,204,105,69,93,85,81,73,77,56,51,43,80,75,69,67,57,49,34,38,65,60,57,37,23,25,35,30,53,31,31,27,27,23,22,26,1
43,48,49,47,75,85,76,80,46,39,42,44,51,72,83,94,51,64,59,61,54,66,63,80,142,151,159,109,88,70,56,54,148,189,184,192,217,136,82,63,154,168,163,215,230,250,227,91,135,147,164,173,211,247,229,170,125,150,173,159,194,219,210,187,1
54,58,53,53,76,60,48,50,61,50,63,50,62,70,49,51,61,53,60,49,50,46,47,47,50,54,47,49,46,44,44,44,50,49,48,47,42,78,47,37,53,50,50,46,40,67,66,41,52,52,45,45,39,36,75,63,60,53,49,46,36,37,57,75,0
47,51,51,50,41,41,37,35,54,61,66,58,51,46,44,37,62,59,65,60,61,51,51,45,71,63,67,63,67,55,54,48,65,68,73,66,65,60,57,46,63,65,67,64,61,60,56,48,66,61,60,61,59,55,52,51,51,52,57,56,55,52,53,51,1
255,255,255,255,255,255,255,255,255,255,255,255,255,255,255,255,255,255,255,255,255,255,255,255,255,255,255,255,255,255,255,255,255,255,255,255,255,255,255,255,255,255,255,255,255,255,255,255,255,255,255,255,255,255,255,255,255,255,255,255,255,255,255,255,0
255,255,255,255,255,255,255,255,255,255,255,255,255,255,255,255,255,255,255,255,255,255,255,255,255,255,255,255,255,255,255,255,255,255,255,255,255,255,255,255,255,255,255,255,255,255,255,255,255,255,255,255,255,255,255,255,255,255,255,255,255,255,255,255,0
86,83,82,59,70,72,93,122,87,82,88,62,61,80,60,122,100,62,56,53,60,75,65,112,93,90,59,50,52,60,63,79,80,80,76,53,64,55,62,61,58,60,57,41,44,57,52,65,125,86,76,69,59,58,57,56,143,139,141,134,123,128,126,133,0
255,255,255,255,255,255,255,255,255,255,255,255,255,255,255,255,255,255,255,255,255,255,255,255,255,255,255,255,255,255,255,255,255,255,255,255,255,255,255,255,255,255,255,255,255,255,255,255,255,255,255,255,255,255,255,255,255,255,255,255,255,255,255,255,0
55,55,63,151,125,51,55,52,54,57,57,93,191,68,56,50,43,54,56,56,141,166,54,55,23,47,58,56,99,168,81,52,28,31,44,52,57,128,129,73,22,25,35,36,42,123,162,70,30,21,28,36,43,75,149,170,22,22,24,33,32,40,128,158,1
255,255,255,255,255,255,255,255,255,255,255,255,255,255,255,255,255,255,255,255,255,255,255,255,255,255,255,255,255,255,255,255,255,255,255,255,255,255,255,255,255,255,255,255,255,255,255,255,255,255,255,255,255,255,255,255,255,255,255,255,255,255,255,255,0
255,255,255,255,255,255,255,255,255,255,255,255,255,255,255,255,255,255,255,255,255,255,255,255,255,255,255,255,255,255,255,255,255,255,255,255,255,255,255,255,255,255,255,255,255,255,255,255,255,255,255,255,255,255,255,255,255,255,255,255,255,255,255,255,0
159,160,160,160,160,163,154,161,155,160,158,163,160,157,160,159,162,164,164,160,161,166,171,171,156,156,169,168,168,176,159,101,92,78,88,143,148,96,75,45,72,65,50,55,53,45,65,70,72,55,63,64,59,81,93,89,70,66,61,60,78,104,104,106,0
255,255,255,255,255,255,255,255,255,255,255,255,255,255,255,255,255,255,255,255,255,255,255,255,255,255,255,255,255,255,255,255,255,255,255,255,255,255,255,255,255,255,255,255,255,255,255,255,255,255,255,255,255,255,255,255,255,255,255,255,255,255,255,255,2
62,50,49,40,37,18,21,25,117,75,64,57,47,50,41,25,203,151,81,62,63,50,50,48,212,197,120,81,73,64,65,46,218,220,181,117,165,110,64,62,217,238,231,183,196,156,81,67,207,211,199,147,118,105,98,91,157,154,150,132,128,124,134,133,1
255,255,255,255,255,255,255,255,255,255,255,255,255,255,255,255,255,255,255,255,255,255,255,255,255,255,255,255,255,255,255,255,255,255,255,255,255,255,255,255,255,255,255,255,255,255,255,255,255,255,255,255,255,255,255,255,255,255,255,255,255,255,255,255,0
68,78,94,113,136,149,179,209,70,68,85,107,117,141,146,165,58,77,72,85,92,109,117,129,40,57,67,67,81,87,90,112,48,36,46,59,79,77,85,104,66,49,33,46,66,66,77,89,66,62,55,40,47,55,50,64,64,72,73,53,40,38,49,50,2
85,57,58,82,114,148,171,188,60,48,52,74,106,140,165,180,46,45,53,71,99,131,158,173,56,48,60,79,100,128,151,165,87,57,65,84,103,128,142,152,129,85,73,85,101,124,136,141,155,122,94,92,103,120,135,137,155,146,114,105,111,119,136,135,2
45,50,51,51,52,54,57,55,48,47,44,48,52,51,51,51,49,50,47,51,55,53,54,57,46,52,50,50,54,55,56,57,50,53,49,49,53,53,52,50,55,52,49,53,53,49,49,49,58,51,50,54,49,45,47,45,65,56,52,52,48,48,47,36,1
56,47,41,30,29,42,44,43,57,48,41,30,27,38,44,40,60,48,40,30,30,37,49,42,65,48,37,28,29,30,44,38,64,47,36,30,28,23,40,41,56,44,38,33,27,20,35,47,51,44,39,31,23,16,22,35,49,43,37,30,25,20,17,28,1
255,255,255,255,255,255,255,255,255,255,255,255,255,255,255,255,255,255,255,255,255,255,255,255,255,255,255,255,255,255,255,255,255,255,255,255,255,255,255,255,254,255,255,255,255,255,255,255,254,254,255,255,255,255,255,255,254,254,255,255,255,255,255,255,0
185,223,223,221,199,173,160,160,183,222,208,184,167,147,133,150,200,212,194,171,155,143,125,127,195,197,198,191,165,150,140,133,194,205,208,206,183,159,148,144,187,198,198,201,196,179,165,155,173,181,195,197,184,172,167,164,159,169,194,194,174,161,166,184,2
30,28,29,29,32,40,50,103,41,34,36,40,162,178,131,56,208,152,46,66,186,210,201,240,223,199,157,83,118,97,158,202,227,216,212,96,58,66,87,137,225,222,214,212,80,46,42,48,228,223,216,213,178,53,49,37,220,224,217,211,215,90,40,41,1
255,255,255,255,255,255,255,255,255,255,255,255,255,255,255,255,255,255,255,255,255,255,255,255,255,255,255,255,255,255,255,255,255,255,255,255,255,255,255,255,255,255,255,255,255,255,255,255,255,255,255,255,255,255,255,255,255,255,255,255,255,255,255,255,2
154,146,141,138,139,145,153,165,136,138,136,134,136,141,154,170,128,133,132,130,133,138,148,159,138,134,133,124,118,124,134,147,133,135,159,151,119,108,117,140,171,163,184,180,147,124,121,137,217,199,188,183,175,168,161,157,150,169,173,174,175,174,174,164,2
53,73,80,90,98,98,110,124,61,55,69,86,98,107,124,157,80,72,86,102,110,125,159,204,109,116,113,126,140,161,202,223,153,170,154,160,179,194,222,223,201,209,195,198,213,218,224,223,219,216,210,217,230,231,225,220,212,219,222,228,227,223,224,219,2
24,23,20,24,24,25,30,57,25,26,24,24,24,25,20,28,22,24,25,23,22,25,21,21,27,24,25,26,22,23,24,25,24,20,23,27,27,25,26,23,16,17,23,25,26,25,29,24,19,22,24,22,23,22,29,27,23,21,19,21,27,26,32,29,1
255,255,255,255,255,255,255,255,255,255,255,255,255,255,255,255,255,255,255,255,255,255,255,255,255,255,255,255,255,255,255,255,255,255,255,255,255,255,255,255,255,255,255,255,255,255,255,255,255,255,255,255,255,255,255,255,255,255,255,255,255,255,255,255,0
213,188,152,137,144,148,148,154,211,208,168,139,141,144,146,148,215,210,166,137,142,153,161,153,207,189,152,134,146,180,204,192,206,204,195,182,185,211,225,211,205,216,223,219,218,224,230,233,193,200,208,220,223,216,219,224,197,193,192,209,213,213,224,218,2
249,249,249,249,249,249,249,249,250,249,249,249,249,249,249,249,250,250,250,250,250,250,250,250,251,251,251,250,250,250,250,250,252,252,251,251,251,251,251,251,253,252,252,252,252,252,252,252,253,253,253,253,253,253,253,253,253,253,253,253,253,253,253,253,2
255,255,255,255,255,255,255,255,255,255,255,255,255,255,255,255,255,255,255,255,255,255,255,255,255,255,255,255,255,255,255,255,255,255,255,255,255,255,255,255,255,255,255,255,255,255,255,255,255,255,255,255,255,255,255,255,255,255,255,255,255,255,255,255,0
73,72,74,66,68,72,83,92,58,75,112,128,129,122,111,87,139,185,221,241,242,241,221,173,229,232,191,199,212,222,226,216,174,208,186,170,174,185,189,187,156,175,187,168,173,181,183,187,181,166,168,155,160,169,174,182,177,165,153,154,157,168,171,175,2
47,44,48,50,47,45,47,52,44,40,43,44,44,46,44,44,43,42,43,41,42,45,42,38,44,45,48,43,39,42,40,38,45,45,47,43,38,38,38,38,46,43,43,40,38,38,37,38,47,43,43,39,37,38,37,36,46,45,45,39,34,35,34,33,1
194,197,182,212,187,156,154,60,202,188,201,216,158,158,167,85,200,192,212,184,157,163,164,123,192,190,200,160,163,165,164,151,186,194,177,161,162,166,163,169,194,202,165,167,167,165,159,173,208,191,169,173,169,167,168,167,207,180,174,175,171,173,173,170,0
88,61,60,67,84,86,91,60,70,61,61,77,139,135,79,57,63,61,79,189,205,224,76,57,58,62,92,190,230,165,60,57,64,94,102,83,222,137,61,51,60,55,58,76,105,70,62,60,56,64,60,61,62,71,57,54,71,60,64,55,60,52,62,44,0
86,83,80,79,81,75,78,80,85,86,83,83,78,78,83,83,90,85,76,78,74,79,83,83,87,88,81,81,79,77,78,83,86,92,83,77,84,79,76,80,72,87,84,77,87,82,78,77,46,69,85,90,92,84,79,79,44,50,61,82,88,87,83,80,1
118,101,105,115,115,120,109,102,112,108,108,114,123,131,123,118,112,107,110,110,116,129,136,129,110,104,115,113,112,124,138,138,107,115,131,121,119,123,124,130,122,134,150,139,130,134,129,123,133,139,148,150,143,152,154,135,148,156,151,165,172,178,178,161,2
255,255,255,255,255,255,255,255,255,255,255,255,255,255,255,255,255,255,255,255,255,255,255,255,255,255,255,255,255,255,255,255,255,255,255,255,255,255,255,255,255,255,255,255,255,255,255,255,255,255,255,255,255,255,255,255,255,255,255,255,255,255,255,255,2
254,255,255,252,255,255,252,253,255,255,254,255,255,254,255,253,255,255,253,255,254,254,255,250,254,255,255,255,253,255,254,251,255,254,255,255,255,255,252,255,255,252,255,254,255,254,252,251,255,252,255,253,255,250,253,226,251,255,255,251,250,248,253,199,0
235,234,212,212,208,212,213,204,229,239,235,225,187,154,145,122,210,199,196,162,137,115,97,91,138,121,107,99,98,84,89,97,105,98,84,82,79,79,83,60,85,80,74,78,66,57,62,63,76,77,53,69,77,76,101,107,61,65,79,106,106,91,85,73,2
169,165,162,172,192,209,221,231,195,187,174,163,159,163,172,182,217,214,208,198,185,172,162,154,231,226,222,216,208,202,192,180,238,237,236,233,227,223,217,208,245,245,243,239,235,233,230,226,246,248,247,247,247,244,238,234,249,251,249,247,248,245,241,242,2
255,255,255,255,255,255,255,255,255,255,255,255,255,255,255,255,255,255,255,255,255,255,255,255,255,255,255,255,255,255,255,255,255,255,255,255,255,255,255,255,255,255,255,255,255,255,255,255,255,255,255,255,255,255,255,255,255,255,255,255,255,255,255,255,2
28,25,26,23,30,45,54,62,28,29,28,27,26,31,44,55,32,33,31,34,29,24,36,46,34,32,30,35,34,26,29,33,41,35,35,37,38,35,28,27,51,47,48,43,41,41,32,30,58,57,55,49,45,41,36,32,63,66,60,57,52,44,42,35,1
177,215,236,247,255,255,254,255,137,152,181,213,232,243,253,254,166,140,135,150,167,192,222,242,194,179,164,146,134,135,158,195,216,209,194,177,170,155,138,142,231,225,213,200,193,183,165,153,234,232,225,217,206,198,191,180,237,238,230,227,222,211,206,203,2
73,125,168,147,77,109,187,205,126,138,146,168,120,68,161,194,149,160,137,157,164,80,94,197,141,112,121,149,147,126,74,167,126,110,114,128,136,145,77,105,96,94,105,109,116,122,114,77,85,77,86,89,102,100,111,98,92,64,63,68,71,97,91,95,1
255,255,255,255,255,255,255,255,255,255,255,255,255,255,255,255,255,255,255,255,255,255,255,255,255,255,255,255,255,255,255,255,255,255,255,255,255,255,255,255,255,255,255,255,255,255,255,255,255,255,255,255,255,255,255,255,255,255,255,255,255,255,255,255,0
129,122,108,118,127,125,122,129,130,126,114,120,129,130,124,121,125,125,119,124,128,129,121,114,114,117,119,123,123,120,114,109,108,110,115,116,115,112,107,104,107,110,111,105,108,109,106,102,107,107,106,98,104,107,108,113,105,103,102,96,103,104,110,126,2
54,53,49,55,49,46,48,44,48,52,52,47,58,48,42,44,50,49,56,45,48,41,39,44,40,48,50,43,38,45,43,34,42,45,37,37,38,39,30,32,55,56,36,38,36,26,42,59,126,90,61,55,67,87,98,153,145,249,251,255,251,253,247,247,1
135,126,136,139,132,149,195,227,186,120,120,136,131,142,157,185,232,129,113,109,123,133,148,169,226,161,93,88,105,119,158,168,207,220,80,87,104,115,141,159,128,160,74,78,113,134,150,159,77,72,80,78,93,111,127,98,80,76,74,79,84,90,89,71,1
255,255,255,255,255,255,255,255,255,255,255,255,255,255,255,255,255,255,255,255,255,255,255,255,255,255,255,255,255,255,255,255,255,255,255,255,255,255,255,255,255,255,255,255,255,255,255,255,255,255,255,255,255,255,255,255,255,255,255,255,255,255,255,255,2
254,255,255,254,255,255,255,255,255,255,254,255,255,254,254,255,252,252,253,255,255,255,248,254,255,253,255,252,252,251,255,253,255,252,252,253,254,239,181,188,250,255,255,255,238,119,76,89,255,249,253,254,186,88,108,119,255,255,253,221,119,72,109,114,0
25,21,18,19,20,39,49,50,22,16,21,20,11,26,28,30,20,18,19,18,22,20,25,30,24,23,20,20,20,20,26,28,26,29,24,25,25,25,31,86,31,30,27,26,31,75,152,159,32,30,33,36,99,135,149,159,38,33,31,84,135,144,149,166,1
120,81,76,77,82,76,74,85,97,73,73,69,77,74,72,77,85,88,82,71,61,72,61,56,74,71,63,69,61,75,61,57,69,58,61,61,58,58,52,51,68,64,68,61,56,58,52,63,68,59,53,55,54,56,44,84,64,68,68,55,56,52,51,114,0
37,38,39,41,41,43,47,51,40,40,42,44,46,49,55,59,44,44,44,46,48,52,57,61,45,45,46,48,50,53,57,60,45,46,49,51,54,56,59,62,48,49,52,55,57,59,62,64,53,54,57,59,60,62,65,68,57,58,61,63,64,67,71,75,2
124,132,169,220,226,226,225,208,128,131,167,212,227,225,219,216,122,122,155,198,227,228,216,220,113,113,133,175,215,229,215,209,114,115,117,154,196,224,214,189,116,124,120,153,194,222,217,178,113,129,133,161,205,220,220,185,110,128,140,164,210,215,219,196,2
66,61,70,67,67,66,64,64,77,70,75,69,68,69,67,65,81,68,71,74,77,75,69,67,80,68,70,75,78,77,70,65,74,72,71,67,68,79,78,68,71,69,64,63,65,78,78,68,75,69,64,69,67,69,67,64,72,73,73,75,64,62,66,70,2
255,255,255,255,255,255,255,255,255,255,255,255,255,255,255,255,255,255,255,255,255,255,255,255,255,255,255,255,255,255,255,255,255,255,255,255,255,255,255,255,255,255,255,255,255,255,255,255,255,255,255,255,255,255,255,255,255,255,255,255,255,255,255,255,2
255,255,255,255,255,255,255,255,255,255,255,255,255,255,255,255,255,255,255,255,255,255,255,255,255,255,255,255,255,255,255,255,255,255,255,255,255,255,255,255,255,255,255,255,255,255,255,255,255,255,255,255,255,255,255,255,255,255,255,255,255,255,255,255,2
255,255,255,255,255,255,255,255,255,255,255,255,255,255,255,255,255,255,255,255,255,255,255,255,255,255,255,255,255,255,255,255,255,255,255,255,255,255,255,255,255,255,255,255,255,255,255,255,255,255,255,255,255,255,255,255,255,255,255,255,255,255,255,255,2
47,53,157,86,84,70,66,61,50,44,100,98,63,93,69,62,46,50,50,197,68,60,71,75,41,53,59,114,202,52,52,47,38,43,43,63,88,56,33,36,38,39,35,32,33,35,32,31,32,31,34,31,33,33,37,31,30,35,33,30,32,33,36,40,1
236,235,235,235,235,235,235,235,236,236,235,235,235,235,235,235,236,236,236,235,235,235,235,235,236,236,236,235,235,235,235,235,236,236,236,235,235,235,235,235,237,236,236,236,235,235,235,235,237,237,236,236,235,235,235,235,237,237,236,236,236,235,235,235,2
62,60,57,51,49,41,67,82,59,57,48,52,48,44,56,73,114,66,55,44,46,42,45,67,190,139,123,60,42,39,32,52,215,181,195,189,54,35,33,31,224,222,222,211,139,40,35,28,247,241,236,224,197,66,28,29,254,253,236,230,211,140,37,27,1
255,255,255,255,255,255,255,255,255,255,255,255,255,255,255,255,255,255,255,255,255,255,255,255,255,255,255,255,255,255,255,255,255,255,255,255,255,255,255,255,255,255,255,255,255,255,255,255,255,255,255,255,255,255,255,255,255,255,255,255,255,255,255,255,2
255,255,255,255,255,255,255,255,255,255,255,255,255,255,255,255,255,255,255,255,255,255,255,255,255,255,255,255,255,255,255,255,255,255,255,255,255,255,255,255,255,255,255,255,255,255,255,255,255,255,255,255,255,255,255,255,255,255,255,255,255,255,255,255,0
119,147,174,185,187,186,189,196,146,168,188,194,188,174,164,163,176,186,193,190,178,163,153,153,183,185,183,174,164,157,155,156,176,169,156,145,144,152,156,154,158,145,130,126,139,156,158,148,136,128,127,142,164,179,168,147,132,128,137,161,186,196,181,157,2
53,56,60,68,63,59,56,62,54,58,56,56,53,55,55,56,48,56,50,48,53,55,49,50,56,58,63,60,56,55,52,61,68,59,78,77,70,71,63,64,63,65,79,72,80,85,72,77,69,76,82,81,106,111,86,74,72,79,88,77,68,71,84,83,0
132,149,130,100,110,138,128,99,140,146,131,102,115,140,129,105,130,148,132,119,146,165,135,116,141,142,137,148,167,173,153,129,131,135,145,149,169,175,167,150,153,144,134,147,173,202,175,164,176,149,152,199,178,193,181,165,181,151,150,187,161,177,207,175,2
70,67,70,71,76,88,78,78,78,62,65,63,72,74,74,75,77,67,73,66,70,69,74,73,71,74,77,73,71,73,73,73,68,72,68,69,75,73,71,76,58,66,64,65,74,71,74,75,41,51,54,63,64,65,71,69,32,32,32,59,51,56,62,63,1
56,50,48,48,45,42,39,33,54,50,49,48,45,44,44,41,54,50,49,49,49,49,48,46,54,50,49,50,52,51,48,44,51,50,49,50,51,49,46,45,47,50,51,50,48,46,47,52,44,49,50,49,49,47,48,54,43,46,47,48,51,49,47,50,1
227,156,155,151,167,136,133,122,190,161,134,126,130,144,120,114,214,128,141,145,145,148,90,110,185,171,170,151,105,113,85,141,122,159,152,115,127,130,120,118,146,172,133,79,129,132,132,125,159,119,122,90,113,114,125,142,137,119,144,137,122,85,121,122,0
212,211,212,212,212,215,213,204,223,218,220,224,221,216,219,225,231,224,221,224,220,208,209,220,230,229,225,224,223,216,214,220,231,235,232,227,224,221,219,220,233,233,228,225,225,224,222,220,221,216,214,217,222,226,227,225,228,226,227,227,225,228,231,229,2
220,213,208,210,215,219,217,211,217,218,216,213,212,214,214,213,200,213,219,217,216,217,215,213,203,224,233,227,222,218,215,216,204,230,244,237,225,214,209,212,200,215,224,223,216,208,204,208,213,205,199,200,202,202,204,209,215,199,191,196,201,200,201,204,2
246,246,245,245,245,245,245,245,248,247,246,246,246,246,246,246,249,249,248,248,248,248,248,248,250,249,249,249,249,249,249,249,250,250,249,249,250,250,249,249,251,250,250,250,250,250,250,250,252,251,251,251,251,252,251,251,253,252,252,252,252,253,252,252,2
233,247,255,199,160,147,141,118,155,252,250,247,184,156,125,118,178,209,249,253,226,149,115,109,178,149,253,252,249,200,114,112,185,178,202,253,250,246,144,110,185,169,135,247,253,250,229,121,184,172,156,194,252,250,250,186,185,168,168,124,242,253,250,241,1
255,255,255,255,255,255,255,255,255,255,255,255,255,255,255,255,255,255,255,255,255,255,255,255,255,255,255,255,255,255,255,255,255,255,255,255,255,255,255,255,255,255,255,255,255,255,255,255,255,255,255,255,255,255,255,255,255,255,255,255,255,255,255,255,2
113,144,112,92,82,86,89,93,120,133,104,93,98,86,81,83,109,104,101,142,109,93,98,88,106,117,117,64,86,84,92,93,109,120,140,88,84,84,96,83,99,115,151,99,83,86,87,101,100,116,132,116,94,92,95,96,93,113,114,120,103,107,101,96,1
255,255,255,255,255,255,255,255,255,255,255,255,255,255,255,255,255,255,255,255,255,255,255,255,255,255,255,255,255,255,255,255,255,255,255,255,255,255,255,255,255,255,255,255,255,255,255,255,255,255,255,255,255,255,255,255,255,255,255,255,255,255,255,255,0
255,255,255,255,255,255,255,255,255,255,255,255,255,255,255,255,255,255,255,255,255,255,255,255,255,255,255,255,255,255,255,255,255,255,255,255,255,255,255,255,255,255,255,255,255,255,255,255,255,255,255,255,255,255,255,255,255,255,255,255,255,255,255,255,2
118,84,86,95,68,96,92,116,125,95,84,100,94,96,96,109,113,92,70,94,83,82,104,108,128,98,92,88,79,95,96,102,162,108,87,87,109,94,83,98,112,101,91,78,82,83,83,106,108,136,96,99,83,84,90,88,111,150,91,92,87,88,92,89,1
255,255,255,255,255,255,255,255,255,255,255,255,255,255,255,255,255,255,255,255,255,255,255,255,255,255,255,255,255,255,255,255,255,255,255,255,255,255,255,255,255,255,255,255,255,255,255,255,255,255,255,255,255,255,255,255,255,255,255,255,255,255,255,255,0
255,255,255,255,255,255,255,255,255,255,255,255,255,255,255,255,255,255,255,255,255,255,255,255,255,255,255,255,255,255,255,255,255,255,255,255,255,255,255,255,255,255,255,255,255,255,255,255,255,255,255,255,255,255,255,255,255,255,255,255,255,255,255,255,0
172,183,180,184,181,163,163,98,161,171,174,181,187,184,180,126,151,156,171,175,198,182,181,112,137,156,156,163,174,167,142,150,130,130,157,162,158,131,121,177,114,121,135,145,133,100,157,187,89,113,104,132,78,123,187,182,59,69,86,68,67,172,185,191,1
255,255,255,255,255,255,255,255,255,255,255,255,255,255,255,255,255,255,255,255,255,255,255,255,255,255,255,255,255,255,255,255,255,255,255,255,255,255,255,255,255,255,255,255,255,255,255,255,255,255,255,255,255,255,255,255,255,255,255,255,255,255,255,255,2
255,255,255,255,255,255,255,255,255,255,255,255,255,255,255,255,255,255,255,255,255,255,255,255,255,255,255,255,255,255,255,255,255,255,255,255,255,255,255,255,255,255,255,255,255,255,255,255,255,255,255,255,255,255,255,255,255,255,255,255,255,255,255,255,2
255,255,255,255,255,255,255,255,255,255,255,255,255,255,255,255,255,255,255,255,255,255,255,255,255,255,255,255,255,255,255,255,255,255,255,255,255,255,255,255,255,255,255,255,255,255,255,255,255,255,255,255,255,255,255,255,255,255,255,255,255,255,255,255,2
169,175,179,168,174,169,172,180,184,172,164,141,149,163,174,174,158,127,137,142,174,168,170,187,84,115,111,145,136,165,175,184,90,101,124,151,134,150,166,171,90,97,104,129,109,121,148,166,79,91,87,108,114,147,156,174,55,68,64,98,119,135,160,168,1
255,255,255,255,255,255,255,255,255,255,255,255,255,255,255,255,255,255,255,255,255,255,255,255,255,255,255,255,255,255,255,255,255,255,255,255,255,255,255,255,255,255,255,255,255,255,255,255,255,255,255,255,255,255,255,255,255,255,255,255,255,255,255,255,0
152,169,179,192,198,194,187,172,155,168,175,185,191,190,186,172,160,172,176,179,182,184,183,173,154,166,171,172,174,178,183,179,147,155,160,163,168,176,181,180,142,145,149,158,172,183,184,179,131,133,143,160,180,190,184,175,127,130,143,163,181,185,171,158,2
77,78,76,76,81,73,73,77,80,82,77,76,79,76,77,79,78,83,78,78,80,80,78,76,79,84,79,81,81,82,79,78,81,83,78,81,79,82,83,84,72,77,77,80,79,80,83,84,59,69,77,79,79,79,84,81,55,67,78,78,79,80,88,83,1
23,21,18,19,20,18,20,20,23,25,22,19,18,17,17,16,28,22,27,20,21,24,19,34,26,26,21,25,25,23,34,41,39,39,39,32,27,37,47,47,159,190,177,180,185,133,72,32,196,199,204,211,210,210,215,211,198,206,214,216,208,211,223,222,1
58,54,55,59,65,68,124,136,64,57,51,52,59,61,122,103,192,80,59,57,57,82,103,91,118,108,158,52,59,68,102,116,108,118,124,187,54,70,87,112,105,107,107,115,195,57,61,84,100,100,104,105,101,188,58,59,99,91,99,104,101,104,188,51,1
23,22,25,28,28,25,28,50,21,23,22,25,37,53,88,102,19,21,30,42,61,77,99,105,21,28,40,57,73,81,88,96,19,30,51,62,72,82,104,115,34,31,69,65,70,79,96,111,44,47,67,61,70,82,94,114,57,97,69,66,71,79,99,110,1
255,255,255,255,255,255,255,255,255,255,255,255,255,255,255,255,255,255,255,255,255,255,255,255,255,255,255,255,255,255,255,255,255,255,255,255,255,255,255,255,255,255,255,255,255,255,255,255,255,255,255,255,255,255,255,255,253,253,253,253,253,253,253,253,2
22,32,36,35,42,43,34,38,24,21,26,28,21,16,21,17,38,34,36,23,19,23,21,14,41,37,34,28,29,27,20,19,51,45,35,36,29,25,24,21,55,47,43,33,33,34,24,29,60,46,45,37,40,28,32,57,55,50,43,44,47,45,117,144,1
81,137,82,74,90,83,67,67,82,129,86,79,81,93,81,57,92,129,72,69,72,132,103,46,101,116,72,66,68,86,67,56,102,99,62,63,79,86,52,49,111,89,60,65,63,71,47,63,113,67,65,64,78,69,53,54,113,58,64,59,75,63,51,53,0
222,222,222,223,223,222,223,223,225,224,224,225,225,225,225,226,227,226,226,227,227,227,227,228,229,228,228,229,229,229,229,230,231,231,231,231,232,232,232,232,233,232,232,233,234,233,234,234,234,234,234,235,235,235,236,236,237,236,236,237,238,238,238,238,2
255,255,255,255,255,255,255,255,255,255,255,255,255,255,255,255,255,255,255,255,255,255,255,255,255,255,255,255,255,255,255,255,255,255,255,255,255,255,255,255,255,255,255,255,255,255,255,255,255,255,255,255,255,255,255,255,255,255,255,255,255,255,255,255,2
255,255,255,255,255,255,255,255,255,255,255,255,255,255,255,255,255,255,255,255,255,255,255,255,255,255,255,255,255,255,255,255,255,255,255,255,255,255,255,255,255,255,255,255,255,255,255,255,255,255,255,255,255,255,255,255,255,255,255,255,255,255,255,255,0
255,255,255,255,255,255,255,255,255,255,255,255,255,255,255,255,255,255,255,255,255,255,255,255,255,255,255,255,255,255,255,255,255,255,255,255,255,255,255,255,255,255,255,255,255,255,255,255,255,255,255,255,255,255,255,255,255,255,255,255,255,255,255,255,2
43,44,45,44,44,37,41,41,39,39,39,39,39,44,38,38,23,34,34,40,37,36,33,27,20,14,24,28,31,28,29,31,16,18,14,12,23,24,25,17,16,16,16,19,10,13,17,18,20,16,17,16,18,17,17,62,23,24,18,28,18,28,80,57,1
255,255,255,255,255,255,255,255,255,255,255,255,255,255,255,255,255,255,255,255,255,255,255,255,255,255,255,255,255,255,255,255,255,255,255,255,255,255,255,255,255,255,255,255,255,255,255,255,255,255,255,255,255,255,255,255,255,255,255,255,255,255,255,255,2
214,219,215,225,228,237,236,238,221,225,224,235,236,239,234,233,227,234,231,235,234,238,236,235,234,238,235,237,235,239,242,246,249,247,242,247,246,239,236,240,254,252,245,245,247,243,237,230,253,250,238,228,225,220,212,202,229,220,208,204,198,185,182,184,2
38,59,45,46,40,38,34,30,39,28,49,37,33,31,30,33,32,31,30,43,41,34,34,27,30,35,33,35,36,31,33,32,34,34,36,34,30,34,34,35,35,43,31,41,41,37,37,35,39,41,44,39,42,37,32,41,45,40,47,55,36,52,30,30,1
124,155,207,238,237,241,248,235,120,156,191,226,245,246,247,241,121,144,151,186,232,243,243,244,122,123,131,157,178,201,229,238,115,121,136,148,149,150,167,192,86,118,134,128,140,154,153,159,106,107,118,125,131,148,165,170,112,119,108,106,129,151,163,166,2
255,255,255,255,255,255,255,255,255,255,255,255,255,255,255,255,255,255,255,255,255,255,255,255,255,255,255,255,255,255,255,255,255,255,255,255,255,255,255,255,255,255,255,255,255,255,255,255,255,255,255,255,255,255,255,255,255,255,255,255,255,255,255,255,0
255,255,255,255,255,255,255,255,255,255,255,255,255,255,255,255,255,255,255,255,255,255,255,255,255,255,255,255,255,255,255,255,255,255,255,255,255,255,255,255,255,255,255,255,255,255,255,255,255,255,255,255,255,255,255,255,255,255,255,255,255,255,255,255,2
123,118,124,142,153,183,177,207,113,126,127,181,181,214,188,193,132,101,117,117,138,179,231,216,100,100,109,147,153,160,144,225,98,109,128,155,145,174,196,163,101,104,137,136,136,162,202,168,97,120,122,137,140,157,159,184,96,108,115,126,164,183,170,192,1
255,255,255,255,255,255,255,255,255,255,255,255,255,255,255,255,255,255,255,255,255,255,255,255,255,255,255,255,255,255,255,255,255,255,255,255,255,255,255,255,255,255,255,255,255,255,255,255,255,255,255,255,255,255,255,255,255,255,255,255,255,255,255,255,0
247,247,247,247,246,246,246,246,248,248,247,247,247,247,247,247,249,249,248,248,248,248,248,249,250,249,249,249,249,249,249,250,249,250,250,250,250,250,250,250,250,250,250,251,251,251,250,250,251,251,251,251,251,251,251,251,252,252,252,252,251,252,252,252,2
118,103,108,92,73,48,32,36,102,93,74,71,41,31,31,31,85,62,41,29,24,28,35,36,107,67,39,29,31,23,32,34,148,174,147,76,50,35,29,35,172,152,154,200,96,62,47,34,235,237,222,232,227,110,69,48,234,245,248,252,246,207,96,64,1
90,36,34,25,29,23,27,41,71,40,30,28,27,32,20,40,199,178,116,40,28,30,32,40,215,213,209,189,95,32,28,50,189,193,199,207,198,134,25,34,156,150,146,137,145,162,72,26,255,253,206,172,123,109,149,25,253,254,244,218,198,152,112,65,1
78,79,81,66,81,86,91,92,77,79,83,66,83,89,89,97,79,82,83,77,80,89,90,97,81,80,63,82,85,92,97,107,83,79,66,87,92,91,101,114,80,68,80,83,86,91,95,70,80,66,83,83,93,103,89,33,67,75,80,85,94,86,65,34,1
255,255,255,255,255,255,255,255,255,255,255,255,255,255,255,255,255,255,255,255,255,255,255,255,255,255,255,255,255,255,255,255,255,255,255,255,255,255,255,255,255,255,255,255,255,255,255,255,255,255,255,255,255,255,255,255,255,255,255,255,255,255,255,255,2
208,200,196,202,208,213,211,206,209,203,209,212,216,216,210,207,208,200,210,212,221,224,215,209,208,203,207,206,224,233,233,225,203,208,205,201,221,232,241,233,192,207,198,191,209,216,221,212,176,196,187,177,189,189,183,180,157,182,177,162,166,161,149,157,2
255,255,255,255,255,255,255,255,255,255,255,255,255,255,255,255,255,255,255,255,255,255,255,255,255,255,255,255,255,255,255,255,255,255,255,255,255,255,255,255,255,255,255,255,255,255,255,255,255,255,255,255,255,255,255,255,255,255,255,255,255,255,255,255,2
220,222,221,221,221,222,225,225,221,223,221,221,223,224,225,227,213,221,224,222,224,225,224,225,194,212,225,223,224,226,224,224,181,197,215,221,224,224,222,226,182,184,201,216,220,218,215,223,183,176,192,208,213,213,213,221,177,172,189,203,207,214,218,224,2
255,255,255,255,254,253,253,252,255,255,255,255,255,254,254,253,254,254,255,255,255,255,255,255,254,254,255,255,255,255,255,255,255,255,255,255,255,255,255,255,255,255,255,255,255,255,255,255,255,255,255,255,255,255,255,255,255,255,255,255,255,255,255,255,0
252,207,145,139,106,96,102,99,255,252,228,252,249,191,157,101,217,255,254,201,227,253,227,171,105,180,255,249,187,193,225,157,102,132,161,196,188,170,166,154,98,103,109,124,139,138,141,175,106,99,99,104,130,140,139,169,109,107,102,101,105,115,114,97,1
28,24,31,52,56,57,66,88,28,29,37,50,50,54,57,64,31,29,39,51,49,52,53,57,32,27,40,50,49,51,53,56,29,27,42,44,42,48,50,49,30,26,39,39,39,45,50,57,32,26,39,39,44,48,54,65,27,30,46,42,47,54,53,56,1
117,102,93,122,146,149,133,116,111,101,104,121,117,109,114,113,120,118,99,104,132,136,129,127,129,142,121,134,195,195,169,169,151,135,163,208,210,184,183,180,154,204,215,195,192,191,188,183,204,197,189,193,191,193,191,177,195,192,191,199,184,172,167,159,2
56,55,51,52,54,48,39,38,48,47,45,45,45,39,31,30,28,31,33,31,27,21,17,19,27,29,30,29,27,23,21,22,32,29,28,29,29,28,26,23,36,35,35,35,32,31,31,29,37,37,40,39,34,33,34,32,42,38,38,39,40,41,39,32,1
156,155,155,155,155,155,155,155,165,165,164,164,164,164,164,164,174,174,174,173,173,173,173,173,181,181,182,181,180,180,180,181,189,189,189,189,189,188,189,189,196,196,196,196,196,196,197,197,203,203,203,203,203,203,203,203,209,208,208,208,208,208,208,207,2
255,255,255,255,255,255,255,255,255,255,255,255,255,255,255,255,255,255,255,255,255,255,255,255,255,255,255,255,255,255,255,255,255,255,255,255,255,255,255,255,255,255,255,255,255,255,255,255,255,255,255,255,255,255,255,255,255,255,255,255,255,255,255,255,0
255,255,255,255,255,255,255,255,255,255,255,255,255,255,255,255,255,255,255,255,255,255,255,255,255,255,255,255,255,255,255,255,255,255,255,255,255,255,255,255,255,255,255,255,255,255,255,255,255,255,255,255,255,255,255,255,255,255,255,255,255,255,255,255,2
63,53,46,46,54,52,63,73,71,72,53,42,52,57,68,63,72,61,46,50,62,55,60,68,64,55,52,47,55,68,70,75,65,47,51,59,61,67,66,70,53,49,48,60,60,64,63,46,51,54,45,52,54,58,57,41,51,54,47,50,52,50,42,39,1
75,80,73,73,66,69,103,119,74,74,62,63,63,63,133,144,68,62,66,60,56,81,120,113,64,58,55,65,93,87,103,86,65,52,45,70,103,90,90,64,58,65,51,48,93,110,62,62,48,49,42,44,78,94,76,80,44,43,47,79,70,86,95,97,0
174,71,77,60,75,81,88,115,96,61,67,69,86,87,96,105,54,67,70,82,100,106,109,116,59,59,79,93,95,116,125,140,59,70,91,103,109,121,128,156,67,93,91,99,114,120,146,175,74,77,78,93,93,116,179,204,57,62,84,106,106,126,180,225,2
255,255,255,255,255,255,255,255,255,255,255,255,255,255,255,255,255,255,255,255,255,255,255,255,255,255,255,255,255,255,255,255,255,255,255,255,255,255,255,255,255,255,255,255,255,255,255,255,255,255,255,255,255,255,255,255,255,255,255,255,255,255,255,255,2
41,62,94,90,102,111,117,130,39,72,68,81,96,123,131,125,39,69,67,69,84,118,114,112,36,71,65,67,69,77,81,85,37,68,65,73,64,66,67,80,38,60,66,71,65,53,58,61,34,35,72,65,66,63,57,64,39,37,60,66,60,58,58,60,1
44,34,26,24,43,202,216,211,47,34,23,23,75,208,210,180,44,28,23,21,132,208,183,122,36,26,23,37,182,185,109,115,33,22,24,66,195,186,108,117,28,24,35,134,199,217,212,190,21,31,72,204,223,225,222,219,31,61,184,221,230,225,222,232,1
194,220,252,255,254,252,234,142,82,39,54,120,191,191,105,64,38,35,37,26,24,36,21,60,41,31,27,28,25,22,23,40,33,30,30,24,25,23,20,22,30,30,26,23,21,22,19,16,32,31,26,29,22,19,23,21,29,28,28,20,26,24,19,20,1
53,54,55,56,57,59,61,63,60,61,62,62,63,64,65,66,67,68,70,71,72,73,74,76,75,77,79,81,81,82,84,85,86,87,89,90,90,90,91,92,94,95,97,98,98,98,99,99,104,104,104,105,106,107,107,106,114,113,112,112,112,112,111,110,2
97,106,114,128,148,173,192,201,93,99,105,129,138,131,168,176,94,107,113,111,147,157,171,156,94,110,92,106,131,169,153,203,93,100,120,119,125,129,151,149,101,82,120,120,140,133,171,170,91,94,95,114,141,153,169,144,108,98,98,116,131,144,114,170,1
244,247,248,246,246,244,242,242,240,244,245,245,244,242,241,242,233,238,241,243,244,242,241,243,223,229,235,240,243,242,241,242,212,219,227,234,240,241,240,240,204,212,220,225,233,239,240,241,200,209,215,216,223,234,241,244,199,208,211,209,215,229,240,246,2
78,76,83,104,179,169,136,73,74,80,84,110,170,140,80,44,77,82,91,167,136,80,41,37,74,82,109,116,79,45,34,29,74,96,104,72,48,28,26,23,70,83,76,47,37,30,27,23,175,190,210,205,183,56,27,26,183,200,214,226,225,194,93,27,1
253,253,253,253,253,253,253,253,253,253,253,253,253,253,253,253,254,254,254,254,254,254,254,254,254,254,254,254,254,254,254,254,254,254,254,254,254,254,254,254,254,254,254,254,254,254,254,254,255,255,255,255,255,255,255,255,255,255,255,255,255,255,255,255,2
222,222,222,222,221,220,220,219,224,224,223,223,223,223,223,222,225,225,224,224,223,223,224,224,227,226,226,225,224,224,224,223,228,228,228,227,227,226,225,225,228,228,228,228,228,228,227,227,229,229,228,228,228,228,228,227,230,230,229,228,228,228,228,228,2
255,255,255,255,255,255,255,255,255,255,255,255,255,255,255,255,255,255,255,255,255,255,255,255,255,255,255,255,255,255,255,255,255,255,255,255,255,255,255,255,255,255,255,255,255,255,255,255,255,255,255,255,255,255,255,255,255,255,255,255,255,255,255,255,2
228,227,236,237,237,238,235,236,233,239,236,230,233,236,228,226,239,235,227,227,223,227,221,209,233,232,227,229,209,207,210,208,221,215,199,212,220,221,213,210,216,189,171,199,224,223,203,196,210,190,180,187,185,174,168,178,204,196,173,149,153,156,156,169,2
240,241,241,238,236,233,226,220,244,246,246,244,243,241,236,231,243,246,247,246,246,245,242,238,243,246,248,248,249,248,246,243,240,244,247,248,249,250,249,246,236,240,243,244,246,249,249,248,237,239,240,240,243,247,250,250,237,237,236,235,237,242,246,247,2
203,203,202,201,199,197,195,193,206,205,203,202,200,198,197,195,210,209,207,205,203,201,200,199,214,213,211,209,207,205,203,202,216,215,213,212,210,208,206,205,217,216,215,214,212,211,209,207,219,218,217,216,215,213,212,211,222,220,219,218,217,216,215,214,2
204,213,205,190,215,224,181,150,213,200,200,195,199,220,163,83,208,186,187,173,180,200,103,56,196,168,155,149,162,150,67,36,153,148,142,142,164,71,47,39,123,129,134,167,102,49,44,39,121,122,170,104,56,48,48,42,118,179,102,55,55,53,52,46,1
255,255,255,255,255,255,255,255,255,255,255,255,255,255,255,255,255,255,255,255,255,255,255,255,255,255,255,255,255,255,255,255,255,255,255,255,255,255,255,255,255,255,255,255,255,255,255,255,255,255,255,255,255,255,255,255,255,255,255,255,255,255,255,255,0
192,191,189,186,185,184,183,182,194,194,192,190,188,187,186,185,197,197,195,193,192,191,190,188,199,199,198,196,195,194,193,191,202,202,201,199,198,197,196,195,204,204,203,202,201,200,199,197,207,207,206,205,204,203,202,200,210,210,209,208,207,206,205,203,2
255,255,255,255,255,255,255,255,255,255,255,255,255,255,255,255,255,255,255,255,255,255,255,255,255,255,255,255,255,255,255,255,255,255,255,255,255,255,255,255,255,255,255,255,255,255,255,255,255,255,255,255,255,255,255,255,255,255,255,255,255,255,255,255,0
255,255,255,255,255,255,255,255,255,255,255,255,255,255,255,255,255,255,255,255,255,255,255,255,255,255,255,255,255,255,255,255,255,255,255,255,255,255,255,255,255,255,255,255,255,255,255,255,255,255,255,255,255,255,255,255,255,255,255,255,255,255,255,255,0
150,150,151,152,153,153,153,153,150,150,150,150,150,150,150,150,149,149,149,149,149,148,148,147,148,148,148,148,148,148,147,147,148,148,148,148,148,148,147,146,150,149,148,148,148,147,146,145,151,150,149,148,148,147,145,144,152,151,150,149,149,148,146,145,2
255,255,255,255,255,255,255,255,255,255,255,255,255,255,255,255,255,255,255,255,255,255,255,255,255,255,255,255,255,255,255,255,255,255,255,255,255,255,255,255,255,255,255,255,255,255,255,255,255,255,255,255,255,255,255,255,255,255,255,255,255,255,255,255,2
123,134,111,98,100,117,112,95,103,112,125,134,117,115,122,100,93,109,121,108,98,105,90,101,137,126,109,104,112,120,111,86,131,123,135,98,111,120,83,70,97,97,115,111,105,116,87,69,85,86,86,119,102,99,92,70,80,93,92,90,89,92,95,72,0
218,176,230,218,201,197,196,188,195,204,222,209,206,193,192,187,164,221,214,203,193,191,181,183,226,217,212,197,195,195,183,186,158,205,199,178,180,166,146,115,86,90,85,92,85,87,84,90,81,82,83,80,86,83,88,89,81,85,87,80,83,82,84,84,1
255,255,255,255,255,255,255,255,255,255,255,255,255,255,255,255,255,255,255,255,255,255,255,255,255,255,255,255,255,255,255,255,255,255,255,255,255,255,255,255,255,255,255,255,255,255,255,255,255,255,255,255,255,255,255,255,255,255,255,255,255,255,255,255,2
197,205,65,54,49,46,40,45,207,206,82,62,42,42,46,40,199,202,74,63,47,40,40,41,214,196,82,64,42,40,41,39,237,191,88,56,47,44,36,41,214,188,94,68,45,45,42,40,187,214,126,69,43,44,43,42,222,209,145,60,47,43,43,40,1
237,238,234,232,235,238,239,243,233,232,229,229,234,239,238,236,201,211,225,231,231,231,231,230,174,182,199,216,223,225,224,219,177,173,180,194,201,205,208,209,196,191,189,189,183,180,188,199,213,209,204,200,195,189,188,192,214,216,215,215,216,211,204,203,2
255,255,255,255,255,255,255,255,255,255,255,255,255,255,255,255,255,255,255,255,255,255,255,255,255,255,255,255,255,255,255,255,255,255,255,255,255,255,255,255,255,255,255,255,255,255,255,255,255,255,255,255,255,255,255,255,255,255,255,255,255,255,255,255,0
70,62,52,96,212,255,247,253,58,82,139,233,255,253,254,252,98,171,251,253,254,255,251,255,205,250,252,255,250,255,254,255,254,248,255,248,252,255,255,249,250,254,255,251,255,254,255,255,253,255,251,255,255,254,254,254,255,254,254,254,251,255,255,254,2
255,255,255,255,255,255,255,255,255,255,255,255,255,255,255,255,255,255,255,255,255,255,255,255,255,255,255,255,255,255,255,255,255,255,255,255,255,255,255,255,255,255,255,255,255,255,255,255,255,255,255,255,255,255,255,255,255,255,255,255,255,255,255,255,2
52,61,65,70,84,67,77,57,50,54,58,63,69,68,79,56,55,57,56,63,63,57,59,56,46,54,54,53,54,57,54,57,53,49,53,50,49,56,57,54,51,49,55,53,55,53,52,57,44,59,60,48,50,51,48,52,44,48,50,48,49,57,65,71,0
202,197,171,180,233,253,241,226,206,197,200,198,184,165,215,244,182,211,214,213,207,193,190,172,83,223,220,214,213,214,212,204,68,193,211,221,231,221,232,224,76,100,213,227,231,236,236,227,97,62,189,238,233,245,231,232,113,74,100,236,247,239,244,253,1
255,255,255,255,255,255,255,255,255,255,255,255,255,255,255,255,255,255,255,255,255,255,255,255,255,255,255,255,255,255,255,255,255,255,255,255,255,255,255,255,255,255,255,255,255,255,255,255,255,255,255,255,255,255,255,255,255,255,255,255,255,255,255,255,0
62,60,64,67,67,78,85,101,48,55,59,72,69,71,85,83,57,51,56,59,63,66,74,75,228,131,52,53,51,60,65,71,140,126,184,216,86,57,57,65,112,135,148,152,129,201,189,70,97,104,106,123,147,149,142,146,91,97,102,100,102,137,153,150,1
48,54,47,53,49,52,65,56,51,48,52,48,49,48,48,72,42,47,49,48,46,60,125,99,49,41,54,48,56,76,111,87,48,45,44,55,87,92,86,88,48,47,43,44,90,95,90,94,48,50,46,53,95,87,86,91,51,43,47,82,89,89,82,82,1
204,250,251,211,85,67,66,59,28,40,192,243,250,111,64,68,22,25,24,26,82,209,193,59,25,21,26,25,22,20,58,169,23,27,23,22,22,26,21,23,29,29,36,20,32,25,24,25,30,34,37,40,47,46,38,32,30,41,68,107,117,138,147,68,1
229,229,228,228,228,229,228,228,231,230,229,229,229,228,228,227,232,231,230,230,229,229,228,228,231,231,230,230,230,230,230,229,231,231,230,230,230,231,230,230,232,232,231,231,231,231,230,230,234,233,232,231,231,231,230,230,234,233,233,232,232,231,231,230,2
255,255,255,255,255,255,255,255,255,255,255,255,255,255,255,255,255,255,255,255,255,255,255,255,255,255,255,255,255,255,255,255,255,255,255,255,255,255,255,255,255,255,255,255,255,255,255,255,255,255,255,255,255,255,255,255,255,255,255,255,255,255,255,255,0
41,57,54,43,48,43,54,205,124,63,43,44,36,44,179,224,123,43,32,34,30,96,222,234,93,33,29,28,32,196,232,222,47,34,28,31,122,227,225,218,40,40,35,55,205,230,233,216,49,50,49,145,229,224,219,217,57,60,60,204,232,224,234,204,1
64,62,71,70,55,50,51,104,54,65,70,60,54,46,60,120,54,57,58,53,55,41,66,117,51,53,57,53,54,55,84,91,54,54,57,58,55,63,89,76,52,52,56,64,60,49,52,38,54,56,56,53,56,54,57,49,59,57,64,59,57,47,48,46,0
23,27,27,32,23,23,18,21,29,30,26,30,23,22,16,18,31,30,23,25,30,41,32,19,25,28,22,16,16,33,40,41,18,18,15,13,6,9,22,38,16,12,10,14,13,11,11,15,16,17,16,14,14,14,15,14,17,17,19,18,16,13,13,13,1
144,104,80,56,49,33,22,33,93,79,68,58,41,32,30,41,83,76,58,50,39,17,28,36,88,69,62,46,18,28,35,47,74,66,44,24,28,20,34,48,45,38,21,20,20,30,32,47,164,94,24,18,19,24,37,56,234,228,223,161,39,28,38,54,1
73,108,131,126,146,161,186,194,60,82,100,129,135,171,160,178,53,69,85,100,118,137,159,163,60,63,80,95,105,119,143,156,56,59,54,81,85,112,136,151,58,70,63,71,84,91,131,134,57,60,66,64,69,77,105,140,48,67,67,72,65,74,84,113,1
255,255,255,255,255,255,255,255,255,255,255,255,255,255,255,255,255,255,255,255,255,255,255,255,255,255,255,255,255,255,255,255,255,255,255,255,255,255,255,255,255,255,255,255,255,255,255,255,255,255,255,255,255,255,255,255,255,255,255,255,255,255,255,255,2
255,255,255,255,255,255,255,255,255,255,255,255,255,255,255,255,255,255,255,255,255,255,255,255,255,255,255,255,255,255,255,255,255,255,255,255,255,255,255,255,255,255,255,255,255,255,255,255,255,255,255,255,255,255,255,255,255,255,255,255,255,255,255,255,0
83,93,100,104,110,116,127,140,39,48,60,65,76,87,89,96,42,37,36,30,31,34,28,30,52,43,40,38,37,34,33,38,39,41,46,52,47,37,37,40,41,48,57,57,48,41,41,41,47,44,53,44,36,39,39,46,52,38,49,40,34,43,38,52,2
186,137,120,106,98,103,101,92,234,198,155,119,107,102,100,95,250,238,213,175,134,108,108,93,252,249,240,228,198,148,119,98,253,255,254,244,234,214,176,128,255,245,255,255,246,242,225,192,250,253,254,247,251,248,234,223,253,251,250,247,247,241,236,231,2
255,255,255,255,255,255,255,255,255,255,255,255,255,255,255,255,255,255,255,255,255,255,255,255,255,255,255,255,255,255,255,255,255,255,255,255,255,255,255,255,255,255,255,255,255,255,255,255,255,255,255,255,255,255,255,255,255,255,255,255,255,255,255,255,2
56,54,55,94,91,91,84,88,50,42,28,47,91,92,90,88,36,32,26,28,42,88,95,86,33,25,30,28,42,38,73,93,27,29,33,30,34,40,45,74,29,30,30,39,38,36,45,46,30,34,38,38,43,40,40,41,31,38,36,41,46,40,46,42,1
217,224,228,215,205,213,224,225,219,222,223,217,220,223,225,224,213,220,218,211,218,220,224,228,196,213,219,212,218,219,225,227,198,213,221,219,221,222,226,221,199,210,216,222,223,222,225,223,188,206,209,222,225,226,226,227,197,218,209,215,221,228,225,227,2
180,179,177,176,174,173,172,172,184,183,181,180,178,177,176,175,189,187,185,184,182,180,179,178,193,192,190,188,187,185,184,183,198,197,195,194,193,192,190,189,202,201,199,198,197,196,195,194,206,205,204,203,202,200,199,198,211,210,209,208,207,205,204,203,2
102,111,104,109,110,111,120,96,97,100,108,108,98,117,138,115,90,94,103,98,88,94,102,104,81,94,102,102,101,89,84,107,88,100,108,107,97,83,79,86,92,99,107,112,99,84,79,72,99,97,103,116,110,91,79,75,112,100,106,119,114,98,85,81,2
255,255,255,255,255,255,255,255,255,255,255,255,255,255,255,255,255,255,255,255,255,255,255,255,255,255,255,255,255,255,255,255,255,255,255,255,255,255,255,255,255,255,255,255,255,255,255,255,255,255,255,255,255,255,255,255,255,255,255,255,255,255,255,255,0
255,255,255,255,255,255,255,255,255,255,255,255,255,255,255,255,255,255,255,255,255,255,255,255,254,254,255,255,255,255,255,255,253,254,254,254,253,253,254,254,254,255,255,255,255,255,255,255,233,237,243,248,251,254,255,255,193,200,212,224,234,242,248,251,2
74,80,81,76,79,77,82,80,73,76,78,78,78,77,80,78,74,75,77,80,75,75,82,84,79,76,73,79,77,83,86,81,74,75,75,80,77,84,86,80,74,78,79,82,80,84,87,82,80,77,73,74,78,75,67,55,62,66,68,65,58,38,24,14,1
36,33,37,34,37,34,34,35,38,36,38,37,39,39,39,41,38,37,39,40,40,42,40,42,38,39,40,43,40,42,37,38,35,36,37,37,33,35,29,30,34,33,33,30,27,28,26,27,37,36,37,31,30,30,30,31,38,37,39,32,33,31,32,32,1
255,255,255,255,255,255,255,255,255,255,255,255,255,255,255,255,255,255,255,255,255,255,255,255,255,255,255,255,255,255,255,255,255,255,255,255,255,255,255,255,255,255,255,255,255,255,255,255,255,255,255,255,255,255,255,255,255,255,255,255,255,255,255,255,0
255,255,255,255,255,255,255,255,255,255,255,255,255,255,255,255,255,255,255,255,255,255,255,255,255,255,255,255,255,255,255,255,255,255,255,255,255,255,255,255,255,255,255,255,255,255,255,255,255,255,255,255,255,255,255,255,255,255,255,255,255,255,255,255,0
228,230,233,236,239,242,244,245,231,234,238,240,242,243,243,243,239,241,242,242,241,240,240,240,244,245,244,242,238,236,235,234,244,245,244,241,237,234,232,230,246,243,239,235,233,233,232,232,244,239,232,228,228,229,229,228,238,234,230,227,227,226,222,218,2
89,96,96,94,69,81,88,85,87,92,88,68,85,85,82,84,87,88,67,73,82,83,79,84,87,72,86,79,88,81,87,85,68,82,83,87,83,84,86,78,81,87,91,85,84,91,82,81,90,89,85,85,83,81,83,81,82,88,88,85,84,84,80,84,1
255,255,255,255,255,255,255,255,255,255,255,255,255,255,255,255,255,255,255,255,255,255,255,255,255,255,255,255,255,255,255,255,255,255,255,255,255,255,255,255,255,255,255,255,255,255,255,255,255,255,255,255,255,255,255,255,255,255,255,255,255,255,255,255,2
149,152,159,173,189,193,186,178,172,176,178,176,176,177,178,180,185,192,188,173,162,161,163,166,182,187,179,162,154,153,150,145,165,167,163,156,152,148,143,141,141,146,153,158,154,145,145,154,137,147,159,164,159,153,158,172,156,168,173,168,163,165,175,186,2
255,255,255,255,255,255,255,255,255,255,255,255,255,255,255,255,255,255,255,255,255,255,255,255,255,255,255,255,255,255,255,255,255,255,255,255,255,255,255,255,255,255,255,255,255,255,255,255,255,255,255,255,255,255,255,255,255,255,255,255,255,255,255,255,2
52,64,62,71,81,87,80,73,50,65,65,70,86,84,86,72,59,61,64,62,84,80,74,78,58,63,70,67,78,87,75,71,63,65,65,73,79,90,93,73,63,70,77,76,83,83,81,85,79,78,83,72,103,136,104,92,79,87,122,153,186,233,183,137,0
244,244,243,243,243,243,243,243,245,245,244,244,244,244,244,244,246,246,245,245,245,245,245,245,246,246,246,246,246,246,246,246,248,248,247,247,247,248,248,248,249,249,249,249,249,249,249,249,250,250,250,250,250,250,250,250,250,250,250,250,250,250,250,250,2
255,255,255,255,255,255,255,255,255,255,255,255,255,255,255,255,255,255,255,255,255,255,255,255,255,255,255,255,255,255,255,255,255,255,255,255,255,255,255,255,255,255,255,255,255,255,255,255,255,255,255,255,255,255,255,255,255,255,255,255,255,255,255,255,0
250,250,250,250,250,251,251,251,251,251,251,251,251,251,252,252,253,253,253,253,253,253,253,253,253,253,253,253,253,253,253,253,253,253,253,253,253,253,253,253,254,254,254,254,254,254,254,254,255,255,255,255,255,255,255,255,255,255,255,255,255,255,255,255,2
124,134,128,137,119,76,119,113,108,127,106,115,131,104,117,101,84,116,61,73,112,116,111,90,89,104,78,97,88,114,104,97,72,89,70,90,68,96,92,85,65,73,91,92,66,83,76,68,59,67,68,64,67,61,63,66,57,81,82,59,58,62,67,63,0
20,30,38,40,42,48,52,52,20,27,36,40,43,47,51,54,21,22,29,39,47,51,54,57,28,24,24,29,37,43,48,52,34,31,26,23,23,29,40,48,36,34,30,25,24,26,32,35,41,38,33,30,28,25,21,18,48,43,37,34,30,26,24,23,1
255,255,255,255,255,255,255,255,255,255,255,255,255,255,255,255,255,255,255,255,255,255,255,255,255,255,255,255,255,255,255,255,255,255,255,255,255,255,255,255,255,255,255,255,255,255,255,255,255,255,255,255,255,255,255,255,255,255,255,255,255,255,255,255,0
255,255,255,255,255,255,255,255,255,255,255,255,255,255,255,255,255,255,255,255,255,255,255,255,255,255,255,255,255,255,255,255,255,255,255,255,255,255,255,255,255,255,255,255,255,255,255,255,255,255,255,255,255,255,255,255,255,255,255,255,255,255,255,255,0
212,212,213,210,205,216,235,239,213,219,222,216,206,212,230,237,209,222,228,222,211,209,221,228,203,220,228,225,219,215,221,227,184,203,214,216,216,215,221,228,164,185,201,209,212,211,215,218,178,194,208,217,221,218,216,212,208,216,221,226,230,228,222,212,2
16,168,24,22,24,22,34,61,22,208,221,131,86,162,172,180,21,66,185,174,227,191,172,124,19,46,98,138,138,111,90,70,68,72,88,94,89,78,47,46,89,82,76,46,37,45,37,50,60,49,39,33,38,34,49,53,44,39,33,39,36,39,55,60,1
232,233,234,235,236,236,235,234,239,239,238,238,239,239,239,239,245,244,243,242,241,242,243,243,245,244,243,241,241,242,243,245,242,242,242,241,240,241,244,246,239,241,242,241,240,241,244,247,237,239,241,239,236,235,238,242,234,236,237,234,229,227,230,234,2
255,255,255,255,255,255,255,255,255,255,255,255,255,255,255,255,255,255,255,255,255,255,255,255,255,255,255,255,255,255,255,255,255,255,255,255,255,255,255,255,255,255,255,255,255,255,255,255,255,255,255,255,255,255,255,255,255,255,255,255,255,255,255,255,0
72,93,85,78,95,125,121,136,93,87,82,87,87,165,166,103,84,82,82,74,79,110,155,168,68,78,72,74,74,77,82,106,72,69,68,78,64,68,56,65,92,87,90,64,63,59,56,52,77,70,71,58,61,59,58,50,61,66,61,55,53,52,53,53,0
194,221,226,231,224,214,203,211,229,221,218,226,214,214,206,198,224,226,213,211,215,211,198,208,218,229,219,223,208,213,195,203,222,215,207,211,210,219,210,202,209,216,211,209,215,202,196,200,222,219,194,204,199,202,195,195,211,212,200,197,207,193,193,178,1
255,255,255,255,255,255,255,255,255,255,255,255,255,255,255,255,255,255,255,255,255,255,255,255,255,255,255,255,255,255,255,255,255,255,255,255,255,255,255,255,255,255,255,255,255,255,255,255,255,255,255,255,255,255,255,255,255,255,255,255,255,255,255,255,0
234,229,227,231,232,230,224,209,227,223,220,222,228,232,228,225,222,225,225,226,232,232,230,235,222,227,226,230,233,228,227,226,225,223,217,228,233,229,231,218,225,223,218,229,233,234,238,223,223,226,227,229,231,234,234,229,229,230,232,225,229,236,232,236,2
185,183,176,196,194,195,208,205,181,180,179,187,202,202,206,197,183,196,200,195,212,202,187,170,195,202,203,206,216,205,185,163,180,178,178,196,210,205,196,164,166,197,187,179,208,197,184,165,174,201,209,200,203,208,213,190,181,199,206,215,217,217,205,195,2
25,19,26,27,42,62,78,62,20,23,24,34,46,60,66,85,24,24,23,20,37,54,63,80,29,19,24,23,44,49,60,70,48,31,24,24,43,48,66,85,85,33,22,21,44,44,64,72,155,49,25,23,49,45,62,75,173,68,30,21,42,49,49,75,1
255,255,255,255,255,255,255,255,255,255,255,255,255,255,255,255,255,255,255,255,255,255,255,255,255,255,255,255,255,255,255,255,255,255,255,255,255,255,255,255,255,255,255,255,255,255,255,255,255,255,255,255,255,255,255,255,255,255,255,255,255,255,255,255,0
239,239,239,239,237,237,237,237,239,239,239,239,238,237,237,237,239,239,239,239,238,237,237,237,239,239,239,238,238,238,237,237,239,239,239,238,238,238,238,237,239,239,239,238,238,238,238,237,240,239,239,238,238,238,238,237,240,239,239,238,239,238,238,237,2
67,54,58,57,53,47,63,49,92,86,78,65,62,49,70,38,98,102,100,101,84,59,74,61,81,97,96,74,78,62,83,56,117,154,124,72,51,48,77,52,119,126,139,75,54,43,61,70,124,109,109,75,60,54,69,60,65,51,101,70,57,58,48,26,1
255,255,255,255,255,255,255,255,255,255,255,255,255,255,255,255,255,255,255,255,255,255,255,255,255,255,255,255,255,255,255,255,255,255,255,255,255,255,255,255,255,255,255,255,255,255,255,255,255,255,255,255,255,255,255,255,255,255,255,255,255,255,255,255,2
255,255,255,255,255,255,255,255,255,255,255,255,255,255,255,255,255,255,255,255,255,255,255,255,255,255,255,255,255,255,255,255,255,255,255,255,255,255,255,255,255,255,255,255,255,255,255,255,255,255,255,255,255,255,255,255,255,255,255,255,255,255,255,255,2
173,167,170,181,190,196,197,193,171,163,163,171,180,186,188,185,170,161,157,161,168,174,177,177,172,164,158,157,160,164,167,169,175,170,163,159,157,157,158,160,175,174,170,165,160,154,150,151,170,173,172,169,165,156,146,143,164,170,171,171,168,157,144,139,2
42,35,49,47,50,48,56,65,48,41,47,49,52,50,53,57,51,53,50,48,48,52,51,53,46,53,52,47,51,51,44,55,45,47,58,50,44,52,83,134,11,18,22,33,87,126,113,97,22,19,56,114,123,104,90,87,56,118,113,100,100,96,84,86,1
255,255,255,255,255,255,255,255,255,255,255,255,255,255,255,255,255,255,255,255,255,255,255,255,255,255,255,255,255,255,255,255,255,255,255,255,255,255,255,255,255,255,255,255,255,255,255,255,255,255,255,255,255,255,255,255,255,255,255,255,255,255,255,255,0
65,54,54,56,55,67,75,66,64,62,64,56,48,52,60,72,62,65,72,58,50,45,38,60,67,79,65,61,58,43,44,47,69,73,69,60,58,56,48,44,70,69,64,60,58,59,57,45,86,71,65,56,54,61,60,58,87,80,63,63,57,49,60,60,2
197,203,203,203,220,211,212,229,196,200,200,210,210,210,211,208,192,194,209,202,205,208,206,216,189,187,214,209,210,205,198,203,196,203,193,194,200,198,197,200,193,195,197,196,187,191,205,191,189,196,206,191,189,184,188,180,190,198,188,187,190,183,177,165,1
25,15,41,65,63,63,63,65,26,61,64,63,74,69,68,68,63,71,66,69,71,75,77,84,70,70,76,81,82,86,110,136,72,72,83,99,127,147,194,192,69,90,123,162,187,191,199,198,75,105,155,171,167,189,184,158,141,139,167,176,178,156,164,157,1
255,255,255,255,255,255,255,255,255,255,255,255,255,255,255,255,255,255,255,255,255,255,255,255,255,255,255,255,255,255,255,255,255,255,255,255,255,255,255,255,255,255,255,255,255,255,255,255,255,255,255,255,255,255,255,255,255,255,255,255,255,255,255,255,0
255,255,255,255,255,255,255,255,255,255,255,255,255,255,255,255,255,255,255,255,255,255,255,255,255,255,255,255,255,255,255,255,255,255,255,255,255,255,255,255,255,255,255,255,255,255,255,255,255,255,255,255,255,255,255,255,255,255,255,255,255,255,255,255,2
213,228,237,242,246,246,246,245,206,224,233,236,241,243,245,244,211,228,234,234,237,240,242,240,220,233,236,235,238,241,243,242,220,229,231,234,240,244,247,249,214,223,226,231,238,240,245,249,206,220,226,229,231,233,239,244,196,215,225,226,227,229,236,242,2
152,154,168,168,170,182,191,190,144,152,146,149,163,167,187,193,140,146,146,139,143,153,166,167,133,131,130,143,134,155,151,168,126,132,130,124,139,145,150,155,133,127,120,127,122,133,136,161,123,118,127,134,121,125,123,131,119,114,101,115,117,106,116,119,1
249,250,250,250,250,250,250,250,250,250,250,250,250,251,251,251,252,252,252,252,252,252,252,252,253,253,253,253,253,253,253,253,253,253,253,253,253,253,253,253,254,254,254,254,254,254,254,254,255,255,255,255,255,255,255,255,255,255,255,255,255,255,255,255,2
64,35,46,71,247,252,233,215,40,33,45,112,254,249,218,211,36,31,45,200,255,239,208,177,36,31,43,239,252,216,173,182,37,36,44,250,248,211,197,206,43,43,55,249,236,210,194,225,38,40,63,255,224,194,211,238,45,41,96,252,212,198,229,188,1
218,221,219,213,211,213,217,220,212,220,222,216,210,209,209,211,208,217,219,212,206,200,194,190,202,210,210,202,193,186,179,175,179,188,189,179,169,163,164,167,154,158,157,151,147,146,151,157,144,140,135,134,137,139,141,144,139,134,127,127,129,129,129,132,2
255,255,255,255,255,255,255,255,255,255,255,255,255,255,255,255,255,255,255,255,255,255,255,255,255,255,255,255,255,255,255,255,255,255,255,255,255,255,255,255,255,255,255,255,255,255,255,255,255,255,255,255,255,255,255,255,255,255,255,255,255,255,255,255,2
255,255,255,255,255,255,255,255,255,255,255,255,255,255,255,255,255,255,255,255,255,255,255,255,255,255,255,255,255,255,255,255,255,255,255,255,255,255,255,255,255,255,255,255,255,255,255,255,255,255,255,255,255,255,255,255,255,255,255,255,255,255,255,255,0
253,253,253,253,253,253,253,253,253,253,253,253,253,253,253,253,254,254,254,254,254,254,254,254,254,254,254,254,254,254,254,254,254,254,254,254,254,254,254,254,254,254,254,254,254,254,254,254,255,255,255,255,255,255,255,255,255,255,255,255,255,255,255,255,2
255,255,255,255,255,255,255,255,255,255,255,255,255,255,255,255,255,255,255,255,255,255,255,255,255,255,255,255,255,255,255,255,255,255,255,255,255,255,255,255,255,255,255,255,255,255,255,255,255,255,255,255,255,255,255,255,255,255,255,255,255,255,255,255,2
81,84,87,87,86,87,90,93,87,87,87,88,90,90,89,87,85,85,85,85,85,87,89,90,91,93,94,94,94,98,102,106,107,109,111,113,115,118,119,119,122,125,127,128,129,131,133,134,139,142,144,143,143,145,150,153,153,153,154,156,158,160,160,159,2
86,151,98,102,111,107,92,178,104,128,138,140,134,142,155,179,134,102,109,107,91,128,141,154,86,67,70,71,102,89,125,97,91,58,84,76,66,161,120,120,86,58,62,129,94,97,71,60,131,96,60,51,45,91,65,64,99,128,60,36,45,49,51,36,1
255,255,255,255,255,255,255,255,255,255,255,255,255,255,255,255,255,255,255,255,255,255,255,255,255,255,255,255,255,255,255,255,255,255,255,255,255,255,255,255,255,255,255,255,255,255,255,255,255,255,255,255,255,255,255,255,255,255,255,255,255,255,255,255,0
206,206,215,203,97,102,99,98,202,204,198,208,101,101,102,87,195,199,189,190,100,100,95,89,201,186,182,174,88,95,91,75,192,187,174,146,77,81,81,70,179,180,159,77,58,67,65,63,175,141,121,37,47,72,68,52,125,87,59,29,42,63,55,53,1
23,24,24,24,27,26,25,26,29,28,26,26,28,27,24,23,35,32,26,24,25,25,21,19,35,33,29,26,25,22,16,14,30,32,32,30,27,20,12,9,26,28,27,25,22,16,12,11,27,25,21,17,16,15,14,16,27,24,19,17,19,19,18,17,2
37,38,39,39,41,43,46,48,38,41,42,40,41,44,41,34,51,47,44,41,36,27,18,13,49,42,37,34,27,17,13,15,48,43,35,25,17,14,13,13,34,28,22,19,18,17,17,18,23,19,18,22,23,20,19,22,16,22,26,27,26,26,26,25,1
255,255,255,255,255,255,255,255,255,255,255,255,255,255,255,255,255,255,255,255,255,255,255,255,255,255,255,255,255,255,255,255,255,255,255,255,255,255,255,255,255,255,255,255,255,255,255,255,255,255,255,255,255,255,255,255,255,255,255,255,255,255,255,255,2
255,255,255,255,255,255,255,255,255,255,255,255,255,255,255,255,255,255,255,255,255,255,255,255,255,255,255,255,255,255,255,255,255,255,255,255,255,255,255,255,255,255,255,255,255,255,255,255,255,255,255,255,255,255,255,255,255,255,255,255,255,255,255,255,0
255,255,255,255,255,255,255,255,255,255,255,255,255,255,255,255,255,255,255,255,255,255,255,255,255,255,255,255,255,255,255,255,255,255,255,255,255,255,255,255,255,255,255,255,255,255,255,255,255,255,255,255,255,255,255,255,255,255,255,255,255,255,255,255,0
255,255,255,255,255,255,255,255,255,255,255,255,255,255,255,255,255,255,255,255,255,255,255,255,255,255,255,255,255,255,255,255,255,255,255,255,255,255,255,255,255,255,255,255,255,255,255,255,255,255,255,255,255,255,255,255,255,255,255,255,255,255,255,255,2
185,52,27,20,21,19,32,40,191,197,79,24,19,19,17,31,136,177,211,70,18,25,46,83,183,118,156,180,62,65,86,81,181,160,161,135,174,90,79,84,204,182,181,143,140,135,85,81,219,187,174,172,119,160,86,75,216,193,172,149,131,136,99,70,1
255,255,255,255,255,255,255,255,255,255,255,255,255,255,255,255,255,255,255,255,255,255,255,255,255,255,255,255,255,255,255,255,255,255,255,255,255,255,255,255,255,255,255,255,255,255,255,255,255,255,255,255,255,255,255,255,255,255,255,255,255,255,255,255,2
238,238,237,237,237,237,237,237,240,240,239,239,239,239,239,239,242,242,242,241,241,241,242,242,244,244,243,243,243,243,243,243,245,245,245,244,244,245,245,245,247,247,247,247,247,247,247,247,248,248,248,248,248,248,248,248,249,249,249,249,249,249,249,249,2
129,144,167,181,196,155,136,165,148,165,168,184,159,148,163,175,188,166,165,145,160,175,183,171,139,142,124,151,166,168,170,115,118,133,128,136,167,136,153,123,157,144,129,116,160,143,121,120,122,131,124,142,146,121,116,94,131,131,121,119,101,99,96,92,1
205,115,49,47,45,47,53,60,52,49,46,48,50,57,57,54,48,47,49,52,57,53,55,60,47,43,51,54,58,53,56,53,36,42,52,45,49,50,57,51,35,37,41,39,50,42,44,50,31,32,35,34,40,34,36,43,26,22,29,32,33,34,38,33,1
188,186,180,177,190,185,171,177,183,183,173,167,178,177,162,163,180,174,159,157,168,162,148,154,177,168,150,150,160,155,144,155,170,168,148,144,152,154,150,160,161,161,142,140,146,148,147,161,152,154,135,138,141,139,137,153,144,153,136,134,135,136,133,142,2
255,255,255,255,255,255,255,255,255,255,255,255,255,255,255,255,255,255,255,255,255,255,255,255,255,255,255,255,255,255,255,255,255,255,255,255,255,255,255,255,255,255,255,255,255,255,255,255,255,255,255,255,255,255,255,255,255,255,255,255,255,255,255,255,2
157,46,41,53,65,71,80,91,130,194,187,191,203,191,182,91,106,174,200,186,201,214,221,188,111,154,174,199,211,212,208,91,103,147,187,200,208,220,145,84,183,149,174,193,207,224,87,76,249,253,227,87,130,213,78,79,149,231,251,254,244,104,80,56,1
255,255,255,255,255,255,255,255,255,255,255,255,255,255,255,255,255,255,255,255,255,255,255,255,255,255,255,255,255,255,255,255,255,255,255,255,255,255,255,255,255,255,255,255,255,255,255,255,255,255,255,255,255,255,255,255,255,255,255,255,255,255,255,255,2
255,255,255,255,255,255,255,255,255,255,255,255,255,255,255,255,255,255,255,255,255,255,255,255,255,255,255,255,255,255,255,255,255,255,255,255,255,255,255,255,255,255,255,255,255,255,255,255,255,255,255,255,255,255,255,255,255,255,255,255,255,255,255,255,0
60,190,252,255,255,255,253,255,69,208,253,254,254,255,255,255,99,236,255,255,254,255,255,255,140,247,254,255,254,255,255,255,195,251,252,254,255,255,255,255,243,255,255,255,255,255,255,255,255,250,253,254,254,255,255,255,255,251,255,255,253,255,255,254,2
255,255,255,255,255,255,255,255,255,255,255,255,255,255,255,255,255,255,255,255,255,255,255,255,255,255,255,255,255,255,255,255,255,255,255,255,255,255,255,255,255,255,255,255,255,255,255,255,255,255,255,255,255,255,255,255,255,255,255,255,255,255,255,255,0
69,79,129,165,179,165,138,98,80,139,172,170,142,142,110,128,153,175,176,176,157,93,130,116,160,189,187,169,100,128,117,120,189,197,186,103,132,120,110,103,186,182,68,123,118,111,112,105,189,97,126,133,113,108,119,154,135,71,131,117,116,153,177,170,1
62,64,60,61,65,58,52,59,67,64,64,64,57,50,53,59,70,66,64,61,56,56,58,58,64,68,63,56,59,59,53,49,51,60,63,60,60,57,55,56,47,46,57,66,60,57,62,65,53,46,53,62,57,54,56,56,57,57,57,59,60,57,53,52,2
70,67,62,60,60,50,60,73,81,71,64,63,62,55,60,58,84,73,69,64,56,54,63,58,77,73,71,63,51,54,64,63,77,74,67,59,58,62,61,57,86,79,63,57,65,72,60,55,96,85,68,62,69,76,64,60,101,89,76,72,75,79,66,61,2
22,23,17,15,15,21,27,28,20,23,20,17,18,16,21,23,36,36,33,32,31,18,15,16,43,50,45,40,43,41,34,24,53,57,51,51,51,51,44,37,65,69,70,70,66,60,53,43,71,81,88,76,72,68,64,41,119,108,110,96,91,69,68,49,1
255,255,255,255,254,254,255,255,255,255,255,255,255,255,255,254,255,255,255,255,255,255,255,255,255,255,255,255,255,254,254,255,255,254,253,255,255,255,255,255,253,254,255,255,253,250,250,252,238,239,244,251,255,255,255,255,179,178,188,212,239,254,255,252,2
101,117,149,163,160,159,161,150,151,181,204,216,219,216,223,232,185,207,222,221,220,221,222,223,210,199,208,208,216,219,223,233,209,204,210,211,225,220,227,238,199,207,208,206,213,213,237,238,196,199,205,214,215,212,228,236,195,203,206,205,212,219,215,242,1
255,255,255,254,255,254,254,251,255,254,255,253,251,255,255,251,253,255,251,253,255,255,254,184,255,250,255,255,250,219,131,104,255,253,253,255,204,85,57,85,251,255,251,221,93,73,79,65,253,254,244,104,65,75,77,85,253,255,199,85,104,103,112,97,0
253,253,253,253,253,253,253,253,253,253,253,253,253,253,253,253,254,254,254,254,254,254,254,254,254,254,254,254,254,254,254,254,254,254,254,254,254,254,254,254,254,254,254,254,254,254,254,254,255,255,255,255,255,255,255,255,255,255,255,255,255,255,255,255,2
255,255,255,255,254,253,250,247,255,255,255,255,254,252,248,245,255,255,255,254,253,250,246,242,255,255,255,254,252,248,244,240,254,255,255,254,251,247,242,238,254,255,254,253,249,245,240,237,254,254,254,251,247,243,238,235,254,254,253,250,246,242,237,234,2
255,255,255,255,255,255,255,255,255,255,255,255,255,255,255,255,255,255,255,255,255,255,255,255,255,255,255,255,255,255,255,255,255,255,255,255,255,255,255,255,255,255,255,255,255,255,255,255,255,255,255,255,255,255,255,255,255,255,255,255,255,255,255,255,2
54,66,86,71,59,56,39,42,26,31,35,39,42,43,42,44,29,27,33,36,44,42,52,49,45,35,35,44,44,50,51,53,175,82,42,41,41,50,56,58,234,216,137,46,42,48,54,53,237,234,223,84,45,42,45,49,245,232,226,207,52,44,45,41,1
72,131,118,95,73,66,67,112,99,80,58,58,52,53,48,55,62,60,59,50,48,47,42,48,51,45,49,46,49,44,44,46,44,45,46,50,53,44,45,49,38,37,41,43,41,49,62,49,35,35,37,41,53,50,49,45,49,34,39,36,42,41,46,46,1
78,80,78,74,76,69,77,64,82,82,78,73,79,72,75,70,89,85,78,72,81,74,73,75,98,88,82,74,79,77,75,77,106,92,89,80,76,79,78,75,111,98,97,88,79,81,80,72,115,108,106,99,89,86,82,74,119,117,114,109,99,92,85,80,2
255,255,255,255,255,255,255,255,255,255,255,255,255,255,255,255,255,255,255,255,255,255,255,255,255,255,255,255,255,255,255,255,255,255,255,255,255,255,255,255,255,255,255,255,255,255,255,255,255,255,255,255,255,255,255,255,255,255,255,255,255,255,255,255,2
255,255,255,255,255,255,255,255,255,255,255,255,255,255,255,255,255,255,255,255,255,255,255,255,255,255,255,255,255,255,255,255,255,255,255,255,255,255,255,255,255,255,255,255,255,255,255,255,255,255,255,255,255,255,255,255,255,255,255,255,255,255,255,255,0
223,224,221,221,214,223,227,246,232,232,235,240,222,235,228,193,241,241,235,247,248,221,150,64,235,236,208,166,132,206,204,149,67,53,58,63,100,104,190,214,38,40,37,39,26,38,56,78,50,46,40,36,22,34,37,44,65,69,65,45,27,24,37,45,1
255,255,255,255,255,255,255,254,255,255,255,255,255,255,255,254,255,255,255,255,255,255,255,255,254,254,254,254,255,255,255,254,254,254,254,254,255,255,254,254,254,254,254,254,254,254,254,254,254,254,254,254,254,254,254,254,255,254,254,254,255,255,254,254,2
186,199,208,221,227,243,250,255,192,206,207,221,233,245,255,254,173,191,214,219,235,240,254,254,176,189,213,219,234,243,249,255,177,196,204,225,233,243,246,250,176,190,208,218,235,237,238,242,184,186,208,202,230,235,234,236,159,180,196,200,215,223,228,231,1
249,249,249,249,249,249,249,249,249,249,249,249,249,249,249,249,250,250,250,250,250,250,250,250,250,250,250,250,250,250,250,250,251,251,251,251,251,251,251,251,252,252,252,252,252,252,252,252,252,252,252,252,252,252,252,252,253,253,253,253,253,253,253,253,2
38,45,54,59,85,98,72,62,32,48,48,56,81,76,58,56,34,49,48,61,75,58,59,53,34,49,49,59,65,49,63,52,30,52,53,52,59,50,63,58,29,46,54,54,54,54,68,64,30,32,45,56,52,52,65,58,34,32,35,55,59,51,54,51,0
254,254,254,254,255,255,255,255,255,255,255,255,255,255,255,255,255,255,255,255,255,255,255,255,255,255,255,255,255,255,255,255,255,255,255,255,255,255,255,255,255,255,255,255,255,255,255,255,255,255,255,255,255,255,255,255,255,255,255,255,255,255,255,255,0
255,255,255,255,255,255,255,255,255,255,255,255,255,255,255,254,255,255,255,255,255,255,254,254,255,255,255,255,255,255,254,253,255,255,255,255,255,255,254,253,255,255,255,255,255,255,254,253,255,255,255,255,255,255,254,253,255,255,255,255,255,255,254,253,0
22,24,27,31,33,31,33,39,23,28,30,30,31,31,32,33,24,28,31,31,32,33,34,35,25,25,29,34,35,35,37,39,26,25,30,35,35,34,36,36,24,26,30,32,31,34,36,31,21,22,27,29,27,31,33,26,20,17,22,27,25,26,27,23,1
66,62,58,72,111,102,97,89,59,70,52,70,112,115,102,90,59,65,55,81,101,94,101,109,64,62,63,84,110,103,105,93,58,68,75,83,111,107,97,81,66,65,67,82,95,101,90,79,61,66,68,85,78,93,88,73,54,67,64,79,74,82,79,70,0
255,255,255,255,255,255,255,255,255,255,255,255,255,255,255,255,255,255,255,255,255,255,255,255,255,255,255,255,255,255,255,255,255,255,255,255,255,255,255,255,255,255,255,255,255,255,255,255,255,255,255,255,255,255,255,255,255,255,255,255,255,255,255,255,0
9,6,5,5,5,3,3,4,8,5,4,5,6,4,3,2,4,5,6,7,6,3,2,4,4,6,8,9,6,4,4,5,8,6,5,7,8,8,6,4,7,5,4,4,6,6,4,3,5,5,5,4,3,3,3,3,8,6,4,4,5,5,4,2,2
174,175,194,220,221,203,205,223,163,173,210,237,217,191,202,223,151,161,198,229,214,195,205,217,133,146,163,194,220,220,218,220,159,189,183,190,224,227,216,223,169,218,208,188,200,198,202,224,186,226,224,205,200,202,219,233,196,212,217,218,217,228,244,231,2
62,72,76,70,54,46,42,52,66,63,66,72,66,59,48,46,69,62,63,66,63,67,61,53,67,67,66,62,55,62,66,71,65,66,65,65,61,58,59,76,65,68,64,66,71,68,58,66,66,70,66,64,70,75,63,59,65,67,68,68,67,70,63,61,2
68,76,78,75,73,77,62,47,80,76,82,74,78,84,86,62,83,87,81,79,73,84,94,80,117,101,87,79,82,81,82,77,173,195,122,81,83,80,77,79,253,255,231,112,77,82,81,76,253,250,253,142,85,85,76,78,246,249,255,147,85,80,78,78,0
220,220,221,221,221,221,222,222,222,223,223,223,223,223,224,224,225,225,226,226,226,226,226,226,228,228,228,228,228,228,228,228,230,230,230,231,231,231,231,230,231,231,231,232,232,232,232,232,233,233,233,234,234,234,234,234,236,235,236,236,237,237,237,236,2
219,209,181,157,157,152,147,166,232,235,217,164,148,167,175,192,233,237,222,189,167,170,190,205,236,232,223,226,208,175,165,159,237,233,229,226,222,205,175,151,233,230,218,213,217,223,216,199,180,179,185,208,216,218,232,227,145,143,182,219,225,228,232,232,2
57,59,64,64,58,58,62,63,76,78,73,70,74,73,69,72,81,78,75,75,76,79,80,77,78,73,73,76,78,83,86,81,82,82,77,78,86,88,82,81,88,88,87,86,87,85,83,81,88,87,92,91,83,84,88,87,82,86,85,83,84,85,86,90,2
147,145,141,146,150,143,150,145,147,143,142,146,149,150,142,141,144,147,145,144,140,140,143,136,147,143,148,134,149,154,142,135,152,155,149,154,192,197,180,157,146,144,139,199,215,202,223,217,142,141,156,182,164,179,209,213,143,139,144,149,144,163,188,204,2
255,255,255,255,255,255,255,255,255,255,255,255,255,255,255,255,255,255,255,255,255,255,255,255,255,255,255,255,255,255,255,255,255,255,255,255,255,255,255,255,255,255,255,255,255,255,255,255,255,255,255,255,255,255,255,255,255,255,255,255,255,255,255,255,2
206,212,221,225,228,226,231,224,211,201,204,213,221,228,230,225,200,172,169,192,208,218,220,227,144,130,136,168,190,202,208,222,81,96,113,143,169,189,196,203,85,86,98,124,156,182,186,187,121,81,85,109,143,174,182,189,125,64,73,92,122,161,178,191,2
123,132,91,59,43,32,28,34,120,166,62,46,40,51,59,57,118,155,52,50,66,62,74,89,124,110,59,73,71,69,66,65,137,82,55,60,55,50,53,53,152,61,45,39,47,45,51,69,142,44,44,47,42,66,57,61,109,41,47,40,51,52,51,70,1
255,255,255,255,255,255,255,255,255,255,255,255,255,255,255,255,255,255,255,255,255,255,255,255,255,255,255,255,255,255,255,255,255,255,255,255,255,255,255,255,255,255,255,255,255,255,255,255,255,255,255,255,255,255,255,255,255,255,255,255,255,255,255,255,0
255,255,255,255,255,255,255,255,255,255,255,255,255,255,255,255,255,255,255,255,255,255,255,255,255,255,255,255,255,255,255,255,255,255,255,255,255,255,255,255,255,255,255,255,255,255,255,255,255,255,255,255,255,255,255,255,255,255,255,255,255,255,255,255,2
105,72,109,116,71,83,84,80,104,84,96,91,74,74,85,81,73,73,74,75,75,76,77,72,70,74,74,64,71,83,76,82,72,65,95,83,71,80,92,81,64,65,64,58,66,73,74,68,62,74,62,62,56,58,59,63,64,63,57,55,54,51,49,45,0
51,61,69,91,87,79,80,69,47,59,63,75,96,92,76,71,46,58,67,65,71,71,73,77,53,55,57,64,65,65,73,58,50,57,52,56,58,59,63,63,48,52,52,53,56,58,48,56,58,54,54,49,48,51,49,55,52,52,51,49,52,49,51,47,1
135,67,41,38,24,21,23,17,51,39,36,35,26,19,18,19,41,31,30,22,24,26,15,21,43,32,25,25,21,19,21,20,33,20,29,26,19,21,16,20,47,31,20,24,25,16,16,27,50,29,24,27,27,19,19,48,37,25,26,30,29,27,39,63,1
255,255,255,255,255,255,255,255,255,255,255,255,255,255,255,255,255,255,255,255,255,255,255,255,255,255,255,255,255,255,255,255,255,255,255,255,255,255,255,255,255,255,255,255,255,255,255,255,255,255,255,255,255,255,255,255,255,255,255,255,255,255,255,255,2
231,236,231,233,231,228,225,222,220,236,225,217,221,225,223,224,166,213,222,208,210,227,228,224,138,171,199,214,217,222,224,226,132,140,159,192,217,229,227,230,105,125,136,157,198,231,231,231,81,105,121,137,165,191,200,218,67,78,96,114,124,141,161,190,2
206,198,213,216,232,234,226,224,192,193,192,220,210,222,233,241,173,176,179,195,203,192,221,228,144,168,157,164,168,158,185,143,116,134,140,141,112,86,105,162,87,96,103,88,65,60,76,120,68,65,65,55,46,51,71,134,59,56,46,44,43,39,95,141,1
255,255,255,255,255,255,255,255,255,255,255,255,255,255,255,255,255,255,255,255,255,255,255,255,255,255,255,255,255,255,255,255,255,255,255,255,255,255,255,255,255,255,255,255,255,255,255,255,255,255,255,255,255,255,255,255,255,255,255,255,255,255,255,255,0
255,255,255,255,255,255,255,255,255,255,255,255,255,255,255,255,255,255,255,255,255,255,255,255,255,255,255,255,255,255,255,255,255,255,255,255,255,255,255,255,255,255,255,255,255,255,255,255,255,255,255,255,255,255,255,255,255,255,255,255,255,255,255,255,2
163,136,131,196,170,159,157,156,163,139,155,173,184,203,191,188,134,168,179,168,190,191,196,198,136,169,178,186,187,191,192,206,162,176,201,193,193,186,189,157,196,195,182,199,173,86,54,50,197,195,135,63,52,52,52,56,88,51,52,52,49,57,57,56,1
255,255,255,255,255,255,255,255,255,255,255,255,255,255,255,255,255,255,255,255,255,255,255,255,255,255,255,255,255,255,255,255,255,255,255,255,255,255,255,255,255,255,255,255,255,255,255,255,255,255,255,255,255,255,255,255,255,255,255,255,255,255,255,255,2
76,79,84,77,78,86,92,108,56,63,67,72,63,69,63,71,49,50,53,53,47,48,50,50,40,38,44,44,43,41,47,41,35,35,39,47,40,44,47,42,39,36,42,43,40,43,50,47,38,35,50,44,47,45,51,49,41,41,54,53,50,54,55,59,1
255,255,255,255,255,255,255,255,255,255,255,255,255,255,255,255,255,255,255,255,255,255,255,255,255,255,255,255,255,255,255,255,255,255,255,255,255,255,255,255,255,255,255,255,255,255,255,255,255,255,255,255,255,255,255,255,255,255,255,255,255,255,255,255,2
255,255,255,255,255,255,255,255,255,255,255,255,255,255,255,255,255,255,255,255,255,255,255,255,255,255,255,255,255,255,255,255,255,255,255,255,255,255,255,255,255,255,255,255,255,255,255,255,255,255,255,255,255,255,255,255,255,255,255,255,255,255,255,255,0
33,26,19,17,24,34,37,36,34,23,15,17,22,25,29,34,29,25,20,18,18,22,29,35,26,22,17,15,17,21,24,24,23,20,20,22,21,17,20,26,39,40,39,35,27,20,18,20,43,42,37,33,36,39,34,25,44,43,41,39,37,36,36,36,1
78,191,200,43,42,50,52,59,74,175,106,22,21,56,62,51,116,192,45,16,22,48,52,109,123,194,25,23,31,58,163,160,137,190,26,72,157,147,162,147,153,195,172,186,160,148,136,144,144,149,153,176,165,135,139,144,146,143,141,151,145,124,107,145,1
67,120,50,73,95,94,100,86,113,72,56,103,68,79,82,71,100,71,89,70,76,83,82,67,98,73,54,63,103,90,81,74,117,90,58,106,115,78,78,74,102,62,77,122,111,108,76,67,75,101,113,110,117,85,87,77,136,132,103,111,111,89,92,80,0
75,67,71,77,77,70,67,40,65,56,44,45,33,26,26,34,73,58,46,36,26,22,41,43,65,72,45,27,25,43,44,19,49,32,19,33,40,45,59,66,23,19,38,64,145,180,165,170,27,40,58,109,155,163,176,184,39,35,72,79,132,178,179,164,1
255,255,255,255,255,255,255,255,255,255,255,255,255,255,255,255,255,255,255,255,255,255,255,255,255,255,255,255,255,255,255,255,255,255,255,255,255,255,255,255,255,255,255,255,255,255,255,255,255,255,255,255,255,255,255,255,255,255,255,255,255,255,255,255,0
31,29,170,159,172,194,181,181,38,37,98,224,188,143,215,209,51,45,52,225,210,178,151,138,77,68,55,159,227,203,193,167,150,131,113,89,219,219,198,196,254,254,238,186,188,221,218,204,250,255,248,225,203,226,217,219,148,153,151,178,203,191,234,232,1
255,255,255,255,255,255,255,255,255,255,255,255,255,255,255,255,255,255,255,255,255,255,255,255,255,255,255,255,255,255,255,255,255,255,255,255,255,255,255,255,255,255,255,255,255,255,255,255,255,255,255,255,255,255,255,255,255,255,255,255,255,255,255,255,0
82,59,63,70,83,78,83,79,80,61,60,75,82,82,76,83,70,46,71,90,88,80,78,79,70,35,72,90,90,80,80,72,58,35,70,88,89,83,77,78,56,35,72,87,89,82,80,79,62,29,57,75,84,82,83,75,31,17,39,71,79,84,77,86,1
255,255,255,255,255,255,255,255,255,255,255,255,255,255,255,255,255,255,255,255,255,255,255,255,255,255,255,255,255,255,255,255,255,255,255,255,255,255,255,255,255,255,255,255,255,255,255,255,255,255,255,255,255,255,255,255,255,255,255,255,255,255,255,255,2
255,255,255,254,254,253,253,252,255,255,255,255,255,255,254,254,255,255,255,255,255,255,255,255,255,255,255,255,255,255,255,255,255,255,255,255,255,255,255,255,255,255,255,255,255,255,255,255,255,255,255,255,255,255,255,255,255,255,255,254,254,254,254,254,2
255,255,255,255,255,255,255,255,255,255,255,255,255,255,255,255,255,255,255,255,255,255,255,255,255,255,255,255,255,255,255,255,255,255,255,255,255,255,255,255,255,255,255,255,255,255,255,255,255,255,255,255,255,255,255,255,255,255,255,255,255,255,255,255,2
33,33,30,25,26,16,17,18,37,34,28,30,30,29,16,18,47,41,42,33,27,20,23,20,56,46,52,39,35,32,21,48,69,70,56,43,33,31,69,162,82,79,55,43,43,67,166,166,82,80,63,46,77,178,169,144,138,102,88,91,177,183,161,129,1
255,255,255,255,255,255,255,255,255,255,255,255,255,255,255,255,255,255,255,255,255,255,255,255,255,255,255,255,255,255,255,255,255,255,255,255,255,255,255,255,255,255,255,255,255,255,255,255,255,255,255,255,255,255,255,255,255,255,255,255,255,255,255,255,2
96,107,110,114,142,162,140,134,72,112,101,109,140,117,150,141,91,99,109,111,127,125,156,139,85,94,104,112,114,129,131,132,89,89,107,97,122,118,143,149,85,97,94,100,123,130,116,119,87,95,92,111,115,122,122,122,92,90,101,103,112,96,105,146,1
255,255,255,255,255,255,255,255,255,255,255,255,255,255,255,255,255,255,255,255,255,255,255,255,255,255,255,255,255,255,255,255,255,255,255,255,255,255,255,255,255,255,255,255,255,255,255,255,255,255,255,255,255,255,255,255,255,255,255,255,255,255,255,255,0
255,255,255,255,255,255,255,255,255,255,255,255,255,255,255,255,255,255,255,255,255,255,255,255,255,255,255,255,255,255,255,255,255,255,255,255,255,255,255,255,255,255,255,255,255,255,255,255,255,255,255,255,255,255,255,255,255,255,255,255,255,255,255,255,0
193,206,217,217,212,209,208,208,157,169,183,190,192,194,195,196,134,141,151,161,168,172,175,177,123,125,133,143,153,159,162,165,109,113,123,137,147,151,153,154,97,107,125,141,149,149,147,146,101,115,134,147,151,148,145,145,120,133,147,152,147,140,137,137,2
113,104,99,98,95,92,92,93,138,126,113,105,98,95,96,97,167,154,138,123,111,104,101,98,181,173,161,148,135,124,114,105,182,178,174,166,157,148,137,127,182,179,175,170,164,159,153,147,183,179,175,171,165,161,157,154,184,180,177,174,168,162,158,154,2
255,255,255,255,255,255,255,255,255,255,255,255,255,255,255,255,255,255,255,255,255,255,255,255,255,255,255,255,255,255,255,255,255,255,255,255,255,255,255,255,255,255,255,255,255,255,255,255,255,255,255,255,255,255,255,255,255,255,255,255,255,255,255,255,0
233,226,223,230,217,201,175,211,228,227,228,214,219,183,226,202,228,222,213,216,202,184,224,207,224,220,222,221,181,216,219,196,232,225,216,201,202,218,214,203,228,232,208,169,221,209,206,201,219,220,191,206,202,217,191,192,216,199,190,217,205,197,191,193,1
96,117,133,138,141,142,154,156,102,108,125,136,131,128,129,147,108,100,103,103,107,118,121,133,101,105,95,95,112,107,116,134,71,103,95,91,93,103,138,134,47,100,90,81,83,88,112,127,90,93,104,92,85,90,103,116,229,109,105,95,89,84,95,112,1
25,41,71,96,89,85,109,130,29,47,68,71,77,107,158,178,35,53,71,79,105,133,168,180,50,59,76,93,120,137,160,176,59,71,88,104,120,135,146,153,64,88,97,99,113,123,127,144,74,95,108,105,110,110,120,145,125,106,114,110,103,108,126,127,1
151,150,149,148,148,148,149,149,153,152,151,151,151,151,150,150,153,153,152,152,152,152,151,150,154,154,153,153,153,152,151,150,157,156,155,155,154,154,153,152,161,160,158,157,156,155,155,154,163,162,160,159,158,157,156,156,165,164,162,161,160,159,158,157,2
223,223,223,222,222,222,222,222,227,227,226,226,226,225,225,225,231,231,231,231,230,230,229,229,234,234,233,233,233,234,234,234,236,236,235,235,235,235,236,236,239,239,238,237,237,237,237,237,241,241,241,241,240,240,239,239,242,242,243,243,243,242,241,241,2
211,221,220,197,143,132,113,82,223,225,233,215,166,133,119,99,238,231,227,207,165,132,117,97,223,226,220,211,167,143,121,100,206,220,226,225,168,132,114,107,212,218,227,222,167,121,111,104,220,217,225,221,183,140,133,114,233,220,224,225,189,147,142,125,2
23,27,47,47,55,61,53,55,20,33,47,55,55,58,59,58,29,46,44,54,56,62,69,58,42,52,21,27,55,56,57,63,15,19,10,18,43,55,65,60,18,11,17,13,13,32,60,58,16,16,15,15,21,18,26,50,16,21,22,23,23,26,21,24,1
33,29,25,19,22,22,23,22,38,31,25,22,22,23,22,24,38,34,31,29,22,25,22,29,37,36,34,24,19,25,21,23,40,32,29,26,31,30,30,39,24,28,29,33,56,77,111,141,27,44,70,126,173,176,182,201,63,128,161,176,182,182,189,202,1
74,92,88,91,89,91,102,109,77,91,89,83,92,93,104,110,75,78,80,83,84,90,96,101,69,71,82,76,82,89,98,96,77,81,74,80,79,93,92,117,69,61,74,87,79,82,88,96,57,77,69,68,73,88,84,100,50,54,56,64,71,78,86,97,1
214,214,223,245,252,254,255,254,210,222,222,223,252,250,250,255,212,216,213,212,227,237,245,245,191,205,205,209,222,227,227,231,190,197,205,202,210,208,219,219,179,195,201,201,203,201,202,204,172,179,182,197,186,193,196,199,163,175,173,186,194,184,175,191,1
255,255,255,255,255,255,255,255,255,255,255,255,255,255,255,255,255,255,255,255,255,255,255,255,255,255,255,255,255,255,255,255,255,255,255,255,255,255,255,255,255,255,255,255,255,255,255,255,255,255,255,255,255,255,255,255,255,255,255,255,255,255,255,255,2
255,255,255,255,255,255,255,255,255,255,255,255,255,255,255,255,255,255,255,255,255,255,255,255,255,255,255,255,255,255,255,255,255,255,255,255,255,255,255,255,255,255,255,255,255,255,255,255,255,255,255,255,255,255,255,255,255,255,255,255,255,255,255,255,2
255,255,255,255,255,255,255,255,255,255,255,255,255,255,255,255,255,255,255,255,255,255,255,255,255,255,255,255,255,255,255,255,255,255,255,255,255,255,255,255,255,255,255,255,255,255,255,255,255,255,255,255,255,255,255,255,255,255,255,255,255,255,255,255,2
255,255,255,255,255,255,255,255,255,255,255,255,255,255,255,255,255,255,255,255,255,255,255,255,255,255,255,255,255,255,255,255,255,255,255,255,255,255,255,255,255,255,255,255,255,255,255,255,255,255,255,255,255,255,255,255,255,255,255,255,255,255,255,255,0
133,132,132,131,131,130,129,128,141,140,139,139,139,138,137,137,149,148,147,147,147,147,147,146,155,154,154,153,153,153,153,152,161,161,160,160,160,159,158,157,168,168,167,166,166,165,163,162,174,173,172,172,171,170,169,168,178,177,176,175,175,174,173,173,2
212,215,211,202,184,159,137,123,215,215,211,208,199,185,170,157,213,211,210,212,211,205,194,178,213,210,210,214,213,211,203,186,214,211,211,213,212,212,210,199,213,214,215,219,218,218,218,212,214,216,219,224,225,222,222,220,212,213,213,217,220,218,219,221,2
86,96,94,91,83,84,77,72,95,89,97,83,78,75,64,68,79,79,78,70,65,62,63,52,75,66,60,65,64,57,51,52,100,153,109,56,58,43,51,47,38,45,66,129,149,134,80,76,42,46,39,42,45,87,164,117,43,38,41,44,42,42,62,105,1
24,20,18,13,16,19,30,37,25,23,20,15,13,13,19,23,31,29,25,21,16,14,15,17,35,33,26,23,15,15,13,16,40,36,28,24,16,15,12,14,41,37,30,25,18,16,13,13,39,33,28,21,18,14,13,12,41,34,29,20,19,14,14,13,1
69,60,50,35,26,26,31,24,44,31,24,29,24,33,30,33,145,67,28,32,31,35,36,39,145,169,167,93,35,35,35,36,91,93,118,164,170,45,38,44,179,157,100,96,125,155,50,51,193,195,179,169,95,109,139,58,203,210,198,210,199,118,95,145,1
255,255,255,255,255,255,255,255,255,255,255,255,255,255,255,255,255,255,255,255,255,255,255,255,255,255,255,255,255,255,255,255,255,255,255,255,255,255,255,255,255,255,255,255,255,255,255,255,255,255,255,255,255,255,255,255,255,255,255,255,255,255,255,255,2
255,255,255,255,255,255,255,255,255,255,255,255,255,255,255,255,255,255,255,255,255,255,255,255,255,255,255,255,255,255,255,255,255,255,255,255,255,255,255,255,255,255,255,255,255,255,255,255,255,255,255,255,255,255,255,255,255,255,255,255,255,255,255,255,2
13,14,15,10,11,10,10,7,23,22,20,14,16,11,9,6,29,26,22,18,20,12,7,7,27,24,21,21,22,14,8,10,23,21,19,22,21,15,9,11,22,20,18,20,16,14,10,9,24,20,16,17,10,13,12,8,26,19,15,14,7,14,16,9,2
255,255,255,255,255,255,255,255,255,255,255,255,255,255,255,255,255,255,255,255,255,255,255,255,255,255,255,255,255,255,255,255,255,255,255,255,255,255,255,255,255,255,255,255,255,255,255,255,255,255,255,255,255,255,255,255,255,255,255,255,255,255,255,255,2
71,94,128,76,39,28,21,18,90,127,173,86,44,30,19,22,123,189,178,88,41,20,19,24,169,190,169,70,31,24,19,26,171,172,115,42,23,22,33,47,156,114,54,26,22,44,55,50,111,58,31,28,58,58,51,33,54,30,42,59,54,27,31,32,1
63,92,77,56,84,74,68,66,70,61,62,79,82,58,69,62,78,74,90,113,119,84,65,69,99,172,201,207,179,154,109,69,148,196,255,255,255,252,221,118,164,235,251,254,255,255,226,112,133,207,244,246,244,198,140,86,67,92,138,132,105,74,67,71,0
255,255,255,255,255,255,255,255,255,255,255,255,255,255,255,255,255,255,255,255,255,255,255,255,255,255,255,255,255,255,255,255,255,255,255,255,255,255,255,255,255,255,255,255,255,255,255,255,255,255,255,255,255,255,255,255,255,255,255,255,255,255,255,255,2
22,22,23,22,18,24,21,24,20,21,24,23,24,23,30,26,51,54,53,55,48,31,25,28,160,153,116,94,82,66,44,32,215,217,211,197,113,85,64,38,228,224,236,239,223,118,79,56,224,232,235,250,248,246,103,67,227,233,242,243,253,251,142,83,1
203,168,160,167,143,105,94,99,204,173,158,162,155,114,90,106,155,158,154,152,151,120,100,107,153,157,155,156,140,108,104,108,146,149,152,145,124,113,123,131,144,149,148,132,132,169,176,180,196,167,133,131,146,185,183,180,217,175,125,141,141,152,151,145,2
255,255,255,255,255,255,255,255,255,255,255,255,255,255,255,255,255,255,255,255,255,255,255,255,255,255,255,255,255,255,255,255,255,255,255,255,255,255,255,255,255,255,255,255,255,255,255,255,255,255,255,255,255,255,255,255,255,255,255,255,255,255,255,255,0
27,33,27,24,27,44,48,41,33,28,26,28,25,35,44,47,30,34,33,29,30,36,30,31,45,31,32,32,30,39,34,29,54,46,36,28,35,47,38,37,45,43,42,36,35,54,51,37,51,48,42,42,40,40,35,34,40,40,40,45,42,43,41,35,1
31,31,30,31,35,30,25,30,37,35,39,34,34,32,35,47,44,42,43,39,36,35,49,60,50,49,42,47,41,41,58,62,56,53,46,52,43,50,62,67,61,54,54,53,43,55,64,77,64,60,57,51,46,51,69,82,65,67,55,51,51,45,76,80,1
70,66,69,71,69,73,76,71,79,74,72,76,79,75,72,74,79,85,81,78,80,74,67,71,72,82,81,76,79,75,69,71,83,81,78,80,81,77,73,74,91,87,85,83,81,81,81,79,83,86,86,81,79,83,86,84,81,81,79,79,80,78,75,76,2
181,178,184,186,192,195,198,198,181,196,206,207,199,207,210,207,195,215,228,230,209,201,202,199,213,214,216,215,204,191,205,207,209,197,192,203,212,209,215,208,200,180,169,195,214,216,206,197,206,181,159,172,190,201,205,215,209,196,181,172,186,200,217,234,2
183,176,170,165,164,165,159,146,159,161,155,141,134,140,148,149,155,156,150,138,128,126,133,143,165,158,146,136,130,123,121,124,167,163,147,130,126,128,126,124,159,160,154,142,133,131,133,135,154,152,153,151,141,131,130,134,165,157,152,150,144,140,137,132,2
111,104,91,69,66,68,65,56,74,70,68,59,60,58,53,48,65,61,59,48,43,43,48,54,52,50,51,52,59,67,69,68,76,70,64,59,56,54,45,40,46,44,47,53,55,59,62,72,61,59,63,74,79,82,79,84,67,66,64,66,67,80,86,95,2
255,253,253,255,255,253,252,255,246,251,253,249,248,252,255,254,153,158,166,173,181,197,222,243,40,39,42,45,42,51,86,124,48,42,41,46,49,45,43,44,73,70,69,73,76,74,67,62,117,103,93,96,103,104,96,88,173,154,135,135,149,157,149,137,2
255,255,255,255,255,255,255,255,255,255,255,255,255,255,255,255,255,255,255,255,255,255,255,255,255,255,255,255,255,255,255,255,255,255,255,255,255,255,255,255,255,255,255,255,255,255,255,255,255,255,255,255,255,255,255,255,255,255,255,255,255,255,255,255,0
255,255,255,255,255,255,255,255,255,255,255,255,255,255,255,255,255,255,255,255,255,255,255,255,255,255,255,255,255,255,255,255,255,255,255,255,255,255,255,255,255,255,255,255,255,255,255,255,255,255,255,255,255,255,255,255,255,255,255,255,255,255,255,255,2
117,99,95,101,125,125,107,107,102,97,89,85,102,114,104,92,89,89,74,60,58,72,88,92,96,94,86,81,69,70,78,85,92,88,87,85,74,75,75,78,79,75,80,83,78,77,73,74,89,79,74,79,83,77,75,72,81,83,78,79,80,71,80,77,2
135,128,125,37,30,42,39,38,234,225,163,57,38,41,41,41,46,95,184,98,41,40,36,41,51,71,47,37,44,39,39,63,62,41,36,43,40,39,59,194,39,41,37,39,40,42,199,152,43,42,41,39,56,149,157,112,46,45,46,116,99,185,135,114,1
255,255,255,255,255,255,255,255,255,255,255,255,255,255,255,255,255,255,255,255,255,255,255,255,255,255,255,255,255,255,255,255,255,255,255,255,255,255,255,255,255,255,255,255,255,255,255,255,255,255,255,255,255,255,255,255,255,255,255,255,255,255,255,255,0
255,255,255,255,255,255,255,255,255,255,255,255,255,255,255,255,255,255,255,255,255,255,255,255,255,255,255,255,255,255,255,255,255,255,255,255,255,255,255,255,255,255,255,255,255,255,255,255,255,255,255,255,255,255,255,255,255,255,255,255,255,255,255,255,2
241,240,239,236,235,136,122,131,233,236,236,232,239,149,99,186,238,239,234,238,254,181,128,135,236,235,231,248,232,170,167,65,241,235,247,244,239,172,161,32,241,245,252,236,245,172,104,26,233,241,233,252,246,159,47,18,236,235,235,237,229,118,32,21,1
85,89,131,178,198,198,207,225,90,97,118,163,201,206,206,212,105,110,126,172,206,213,218,214,100,116,147,197,216,213,218,222,110,117,136,186,220,225,219,226,93,112,146,194,214,221,221,227,94,111,147,196,204,214,227,226,100,120,144,195,210,215,227,225,2
228,226,170,116,56,31,25,27,229,229,195,126,69,32,28,97,233,228,231,145,67,33,63,142,225,232,230,191,79,53,145,143,240,232,230,216,94,204,254,186,212,225,225,203,186,247,252,162,187,221,227,187,244,255,214,222,205,205,208,237,252,245,188,242,1
52,63,174,255,241,238,231,230,46,70,240,254,252,247,235,230,41,77,255,255,250,254,247,237,31,124,251,255,255,254,252,254,32,142,255,254,255,253,254,250,39,93,255,253,253,255,255,255,34,55,249,255,255,255,255,251,29,41,245,255,255,253,254,190,1
255,255,255,255,255,255,255,255,255,255,255,255,255,255,255,255,255,255,255,255,255,255,255,255,255,255,255,255,255,255,255,255,255,255,255,255,255,255,255,255,255,255,255,255,255,255,255,255,255,255,255,255,255,255,255,255,255,255,255,255,255,255,255,255,0
174,184,201,211,209,244,251,252,175,182,188,194,210,230,223,240,162,169,178,191,196,207,227,227,150,162,166,178,194,198,217,214,133,144,159,162,180,185,190,212,122,119,134,146,160,179,186,190,103,112,118,134,144,163,173,177,95,95,107,130,137,158,160,173,1
164,157,140,146,133,126,121,109,151,153,134,136,133,131,125,117,145,155,135,129,131,130,120,111,142,154,137,129,131,130,117,106,144,151,141,134,131,128,118,105,145,149,144,136,129,124,116,104,141,148,146,139,133,127,119,110,142,153,153,145,141,132,122,114,2
255,255,255,255,255,255,255,255,255,255,255,255,255,255,255,255,255,255,255,255,255,255,255,255,255,255,255,255,255,255,255,255,255,255,255,255,255,255,255,255,255,255,255,255,255,255,255,255,255,255,255,255,255,255,255,255,255,255,255,255,255,255,255,255,0
255,255,255,255,255,255,255,255,255,255,255,255,255,255,255,255,255,255,255,255,255,255,255,255,255,255,255,255,255,255,255,255,255,255,255,255,255,255,255,255,255,255,255,255,255,255,255,255,255,255,255,255,255,255,255,255,255,255,255,255,255,255,255,255,0
85,89,89,100,112,196,230,220,74,75,83,93,91,120,205,230,72,68,79,85,98,98,143,234,133,132,117,112,121,129,126,155,151,151,156,171,168,152,148,146,151,150,163,175,192,209,221,242,162,192,221,249,250,254,249,247,239,255,252,252,249,248,250,252,0
82,72,65,64,58,48,37,37,86,93,93,96,82,82,64,46,92,90,102,123,123,119,115,99,127,140,113,118,134,157,141,126,155,154,138,138,152,159,163,153,167,183,172,169,165,173,176,184,188,192,193,182,185,187,199,203,162,183,192,190,201,194,195,215,1
255,255,255,255,255,255,255,255,255,255,255,255,255,255,255,255,255,255,255,255,255,255,255,255,255,255,255,255,255,255,255,255,255,255,255,255,255,255,255,255,255,255,255,255,255,255,255,255,255,255,255,255,255,255,255,255,255,255,255,255,255,255,255,255,2
159,159,157,156,156,155,153,153,162,161,160,159,158,157,156,155,167,166,165,164,162,161,160,159,173,172,171,169,168,166,164,163,178,177,176,174,173,171,169,168,182,181,180,179,178,177,175,174,187,186,186,185,184,183,182,181,192,191,190,189,189,187,186,185,2
70,73,71,77,78,80,80,80,73,91,89,80,74,77,78,78,74,87,80,75,75,76,74,79,70,72,66,71,76,77,77,85,62,67,69,74,72,78,84,85,64,66,69,78,77,86,90,84,68,65,64,76,81,87,88,86,59,64,62,67,68,70,75,82,0
255,255,255,255,255,255,255,255,255,255,255,255,255,255,255,255,255,255,255,255,255,255,255,255,255,255,255,255,255,255,255,255,255,255,255,255,255,255,255,255,255,255,255,255,255,255,255,255,255,255,255,255,255,255,255,255,255,255,255,255,255,255,255,255,2
48,45,58,83,119,179,175,90,60,75,101,131,203,236,222,183,106,155,236,249,250,238,234,226,206,220,252,252,244,244,234,224,210,218,233,243,241,240,229,229,217,214,221,230,231,232,233,228,209,214,216,216,226,227,223,218,200,203,208,212,215,222,219,216,1
149,157,162,171,187,198,204,212,168,180,190,198,208,215,220,229,192,205,216,221,226,227,230,236,213,223,230,234,238,239,240,242,229,236,240,242,244,245,244,243,235,241,246,247,246,246,245,243,237,242,246,247,247,249,248,244,245,245,245,243,243,244,241,234,2
255,255,255,255,255,255,255,255,255,255,255,255,255,255,255,255,255,255,255,255,255,255,255,255,255,255,255,255,255,255,255,255,255,255,255,255,255,255,255,255,255,255,255,255,255,255,255,255,255,255,255,255,255,255,255,255,255,255,255,255,255,255,255,255,2
124,154,164,188,200,221,230,236,138,159,170,190,205,227,233,241,145,158,171,189,210,231,235,242,142,156,172,192,218,234,239,244,138,155,170,193,221,232,242,244,138,156,167,189,216,228,242,244,143,157,166,186,212,232,244,249,144,154,164,182,209,236,245,253,2
105,76,78,83,91,91,73,76,94,83,90,92,79,80,87,80,102,79,77,84,82,90,83,86,84,84,99,87,85,87,98,108,86,83,90,88,84,87,92,119,80,92,91,102,90,89,103,117,109,88,90,95,79,102,160,88,94,78,85,88,83,89,76,92,0
42,46,49,57,48,34,39,43,47,48,44,48,44,39,43,40,49,47,43,46,47,44,47,44,47,47,49,55,53,46,48,49,47,50,55,58,52,44,46,48,48,50,52,50,47,46,47,45,50,48,48,47,48,51,49,44,54,47,47,51,54,54,49,44,2
26,35,216,252,253,142,41,38,32,137,245,248,207,57,41,35,44,222,248,248,88,49,42,42,163,246,253,198,53,40,45,53,211,247,243,83,46,50,53,54,185,249,184,57,55,51,73,102,82,200,206,64,56,71,112,123,72,105,140,61,64,87,101,121,1
255,255,255,255,255,255,255,255,255,255,255,255,255,255,255,255,255,255,255,255,255,255,255,255,255,255,255,255,255,255,255,255,255,255,255,255,255,255,255,255,255,255,255,255,255,255,255,255,255,255,255,255,255,255,255,255,255,255,255,255,255,255,255,255,2
255,255,255,255,255,255,255,255,255,255,255,255,255,255,255,255,255,255,255,255,255,255,255,255,255,255,255,255,255,255,255,255,255,255,255,255,255,255,255,255,255,255,255,255,255,255,255,255,255,255,255,255,255,255,255,255,255,255,255,255,255,255,255,255,2
187,213,200,213,233,219,219,196,172,185,212,220,221,220,234,222,151,169,190,223,217,219,222,229,151,199,189,196,197,218,210,222,182,180,196,205,197,208,221,218,178,173,185,189,194,191,216,208,148,158,175,194,195,191,217,209,159,142,164,183,182,184,199,195,1
50,83,111,128,134,132,157,196,69,104,126,133,133,137,166,205,78,113,128,133,130,139,164,201,91,121,128,132,129,140,159,188,104,131,130,127,128,144,161,182,111,137,134,123,125,143,155,167,122,141,134,122,126,135,138,141,126,134,124,117,127,129,128,130,2
89,84,97,112,100,112,114,96,78,95,96,84,100,127,111,113,73,73,101,95,89,97,98,112,72,80,110,88,90,92,91,102,58,90,84,103,125,97,102,108,61,74,77,93,90,97,96,97,56,63,72,89,82,105,104,99,53,65,72,85,80,94,106,108,1
126,178,217,200,213,189,87,54,163,172,193,218,212,209,224,195,178,179,200,206,222,225,215,222,164,177,200,218,244,250,238,223,162,180,204,213,236,254,253,252,177,191,196,205,229,253,255,248,153,178,188,199,209,230,240,237,149,158,173,201,199,215,228,217,1
255,255,255,255,255,255,255,255,255,255,255,255,255,255,255,255,255,255,255,255,255,255,255,255,255,255,255,255,255,255,255,255,255,255,255,255,255,255,255,255,254,254,254,254,254,254,254,254,253,253,253,253,254,254,254,254,253,253,253,254,254,254,254,254,2
255,255,255,255,255,255,255,255,255,255,255,255,255,255,255,255,255,255,255,255,255,255,255,255,255,255,255,255,255,255,255,255,255,255,255,255,255,255,255,255,255,255,255,255,255,255,255,255,255,255,255,255,255,255,255,255,255,255,255,255,255,255,255,255,0
244,245,243,242,237,235,237,229,244,238,233,233,231,230,230,225,239,232,227,224,224,226,224,222,232,229,227,218,215,219,218,220,230,228,226,213,204,203,205,214,231,228,223,213,201,191,192,202,227,228,223,219,212,199,189,185,219,228,226,225,226,214,193,171,2
199,212,214,222,206,205,211,214,209,208,217,215,222,214,204,224,202,229,217,224,218,204,210,219,218,221,222,236,214,217,226,223,218,228,245,222,226,221,215,226,216,224,229,200,213,216,230,224,207,219,228,222,220,218,214,221,212,221,223,230,227,231,222,218,1
33,44,50,57,61,50,47,31,46,59,58,39,35,46,61,60,40,39,43,41,43,42,40,41,42,40,43,44,46,47,48,51,42,43,47,56,55,49,52,57,45,54,54,55,54,59,60,54,49,50,55,60,58,60,60,68,51,53,60,59,59,70,62,64,1
144,66,59,82,48,51,48,41,187,105,61,56,54,51,45,40,211,188,72,57,56,53,28,37,214,197,185,63,52,32,37,31,222,211,193,99,34,37,29,31,233,208,198,165,36,33,30,32,235,216,203,183,56,24,34,30,229,229,202,191,130,31,24,26,1
236,231,168,73,43,51,51,55,239,230,210,127,51,56,55,57,232,232,213,178,57,47,55,57,225,219,211,186,62,55,62,59,224,210,205,183,64,62,61,59,205,203,196,142,65,63,64,68,193,195,188,71,53,55,52,50,198,197,153,67,57,62,64,58,1
197,198,200,201,202,203,204,205,202,203,204,204,205,205,206,206,206,206,207,207,207,208,208,209,208,209,210,210,210,211,211,212,211,212,213,213,213,214,214,215,214,215,215,216,216,216,216,216,217,218,218,218,218,218,218,218,220,220,221,221,221,220,221,221,2
255,255,255,255,255,255,255,255,255,255,255,255,255,255,255,255,255,255,255,255,255,255,255,255,255,255,255,255,255,255,255,255,255,255,255,255,255,255,255,255,255,255,255,255,255,255,255,255,255,255,255,255,255,255,255,255,255,255,255,255,255,255,255,255,0
82,116,85,79,78,75,78,80,80,93,97,82,85,90,80,74,102,77,114,101,85,78,93,78,74,61,102,204,166,90,93,84,74,65,74,218,255,160,86,82,74,81,68,179,255,223,103,83,68,82,67,139,255,206,110,77,142,78,76,99,165,128,99,79,0
46,48,53,50,65,54,52,53,55,46,47,48,57,55,52,52,46,45,52,52,45,53,55,53,46,45,49,56,52,56,62,62,47,51,46,47,50,51,62,60,46,51,48,50,61,57,68,71,56,47,55,72,89,82,86,97,52,58,78,77,81,88,90,95,0
244,244,244,244,244,244,244,244,245,245,245,245,245,245,245,245,245,245,245,245,245,245,245,245,245,245,245,245,245,245,245,245,246,246,246,246,246,246,246,246,247,247,247,247,247,247,246,246,248,248,248,248,248,248,247,247,249,249,249,249,249,249,249,249,2
254,255,255,254,254,255,255,255,255,255,255,255,255,255,255,255,255,254,254,255,255,254,254,255,253,254,254,255,255,255,255,255,246,250,252,253,254,255,255,253,214,220,229,235,241,246,250,250,188,191,198,206,212,215,221,227,199,194,190,188,181,174,174,181,2
229,197,119,86,142,218,178,55,172,80,39,106,167,225,121,55,50,46,53,119,192,179,43,60,46,48,53,137,203,123,34,60,57,59,81,160,210,78,56,62,75,65,104,168,200,69,73,66,67,79,120,186,168,78,78,79,77,74,120,202,155,74,85,83,0
93,96,91,89,90,88,88,84,99,97,91,88,88,88,88,85,93,91,96,95,91,90,89,89,95,92,102,103,95,92,88,88,121,109,109,105,97,93,86,83,140,128,119,112,103,97,92,88,144,139,130,124,117,109,104,100,149,145,134,131,129,120,113,105,2
255,255,255,255,255,255,255,255,255,255,255,255,255,255,255,255,255,255,255,255,255,255,255,255,255,255,255,255,255,255,255,255,255,255,255,255,255,255,255,255,255,255,255,255,255,255,255,255,255,255,255,255,255,255,255,255,255,255,255,255,255,255,255,255,0
191,207,209,199,193,204,195,200,198,195,205,201,202,197,204,201,178,206,191,197,201,195,200,201,207,208,209,196,202,206,191,205,196,200,215,191,196,206,192,193,209,203,210,206,205,200,193,196,208,203,200,212,215,201,216,188,208,202,184,177,169,184,183,211,1
84,85,82,80,81,81,81,87,84,85,81,79,82,83,82,83,82,84,83,80,80,79,80,82,81,83,83,82,79,77,80,85,84,80,79,81,81,80,83,87,82,78,79,81,79,79,85,89,81,80,82,81,77,79,85,89,86,84,84,81,78,83,87,84,1
65,68,66,70,73,76,73,75,59,62,62,61,61,58,59,64,53,49,47,43,49,45,45,44,47,51,55,53,53,48,43,39,54,52,46,42,42,48,45,40,28,36,39,37,27,30,32,32,28,29,31,30,26,30,33,31,33,30,34,33,33,30,34,32,1
255,255,255,255,255,255,255,255,255,255,255,255,255,255,255,255,255,255,255,255,255,255,255,255,255,255,255,255,255,255,255,255,255,255,255,255,255,255,255,255,255,255,255,255,255,255,255,255,255,255,255,255,255,255,255,255,255,255,255,255,255,255,255,255,0
221,222,212,221,215,201,194,222,213,218,217,222,206,195,221,230,218,217,216,200,192,241,230,228,214,226,208,190,219,229,221,223,218,193,171,229,236,222,222,217,148,158,220,233,222,219,209,205,96,129,220,226,217,213,214,217,96,109,111,149,172,188,185,179,1
255,255,255,255,255,255,255,255,255,255,255,255,255,255,255,255,255,255,255,255,255,255,255,255,255,255,255,255,255,255,255,255,255,255,255,255,255,255,255,255,255,255,255,255,255,255,255,255,255,255,255,255,255,255,255,255,255,255,255,255,255,255,255,255,2
255,255,255,255,255,255,255,255,255,255,255,255,255,255,255,255,255,255,255,255,255,255,255,255,255,255,255,255,255,255,255,255,255,255,255,255,255,255,255,255,255,255,255,255,255,255,255,255,255,255,255,255,255,255,255,255,255,255,255,255,255,255,255,255,2
255,255,255,255,255,255,255,255,255,255,255,255,255,255,255,255,255,255,255,255,255,255,255,255,255,255,255,255,255,255,255,255,255,255,255,255,255,255,255,255,255,255,255,255,255,255,255,255,255,255,255,255,255,255,255,255,255,255,255,255,255,255,255,255,2
57,62,54,52,44,34,29,44,62,62,58,54,40,31,21,17,57,61,53,45,37,28,17,16,66,68,56,43,33,21,14,21,55,50,46,35,21,15,20,22,54,48,40,25,18,18,22,22,45,39,27,14,19,20,23,25,37,23,20,18,19,20,28,27,1
253,254,254,245,221,155,139,151,255,251,250,222,155,126,142,166,254,255,224,156,119,139,168,175,255,228,164,118,142,168,184,190,236,171,131,140,167,182,191,211,183,128,141,162,177,195,209,224,133,121,151,169,190,203,220,230,113,141,156,181,198,211,224,233,2
119,119,113,120,121,116,121,133,112,122,122,109,131,136,121,139,107,114,111,120,111,123,120,125,125,131,134,125,120,127,122,126,130,142,136,125,132,131,122,116,130,144,130,127,113,113,110,79,126,114,124,128,112,71,48,46,116,109,91,82,53,43,42,48,1
57,58,69,92,119,115,95,79,54,63,58,96,117,121,78,66,59,50,54,76,104,87,69,69,55,53,58,70,71,88,80,56,54,58,56,53,75,65,60,69,55,57,51,60,80,77,60,59,50,56,50,53,64,67,60,65,53,48,56,56,64,55,63,68,0
65,34,17,10,5,7,8,4,20,7,7,11,9,8,5,2,16,9,7,5,2,3,4,7,12,10,9,7,7,6,1,0,8,6,3,0,2,6,4,5,5,6,6,3,4,5,2,4,6,5,7,4,2,3,2,4,9,6,7,6,4,4,2,2,2
255,255,255,255,255,255,255,255,255,255,255,255,255,255,255,255,255,255,255,255,255,255,255,255,255,255,255,255,255,255,255,255,255,255,255,255,255,255,255,255,254,255,255,255,255,255,255,255,254,254,255,255,255,255,255,255,254,254,255,255,255,255,255,255,2
36,28,21,32,31,37,47,42,34,27,28,35,44,46,44,48,33,28,23,37,42,47,47,52,36,30,26,30,45,45,61,53,153,119,31,37,47,45,49,51,57,96,134,114,46,44,53,59,41,44,84,100,120,126,50,57,32,31,37,41,54,103,160,90,1
230,232,229,229,225,226,222,220,234,233,232,230,230,227,225,223,236,231,229,227,233,231,233,230,241,234,228,223,226,228,232,232,228,232,231,227,222,225,227,230,192,211,227,234,226,223,220,222,172,191,216,232,233,229,227,229,153,162,183,203,218,222,230,238,2
234,234,233,232,232,231,231,230,236,235,235,234,234,234,234,233,237,237,236,236,237,237,236,236,239,239,238,238,238,238,238,238,241,241,240,240,240,240,239,239,242,242,241,241,241,241,240,240,244,243,243,243,243,243,242,241,245,245,245,245,245,245,244,244,2
255,255,255,255,255,255,255,255,255,255,255,255,255,255,255,255,255,255,255,255,255,255,255,255,255,255,255,255,255,255,255,255,255,255,255,255,255,255,255,255,255,255,255,255,255,255,255,255,255,255,255,255,255,255,255,255,255,255,255,255,255,255,255,255,0
89,139,109,89,91,90,85,83,80,100,166,122,87,83,82,86,87,87,100,127,89,79,84,79,82,83,94,78,76,78,75,83,78,82,75,79,81,71,77,78,77,72,78,76,74,78,76,78,79,82,76,74,72,78,82,86,73,76,80,73,80,88,89,94,0
255,255,255,255,255,255,255,255,255,255,255,255,255,255,255,255,255,255,255,255,255,255,255,255,255,255,255,255,255,255,255,255,255,255,255,255,255,255,255,255,255,255,255,255,255,255,255,255,255,255,255,255,255,255,255,255,255,255,255,255,255,255,255,255,0
66,77,88,73,55,42,47,45,81,98,76,50,41,41,40,44,135,66,34,31,35,42,47,45,165,61,31,41,39,40,39,46,179,114,40,43,41,47,41,45,124,164,84,49,47,44,47,42,67,175,141,65,53,47,50,46,51,134,178,122,63,59,53,52,0
255,255,255,255,255,255,255,255,255,255,255,255,255,255,255,255,255,255,255,255,255,255,255,255,255,255,255,255,255,255,255,255,255,255,255,255,255,255,255,255,255,255,255,255,255,255,255,255,255,255,255,255,255,255,255,255,255,255,255,255,255,255,255,255,2
222,228,236,235,229,238,236,230,226,223,227,235,245,245,245,239,234,230,238,245,248,242,225,227,240,237,224,233,209,175,149,154,239,230,207,174,125,104,89,112,227,197,148,108,84,79,83,83,140,101,85,77,73,70,67,69,71,60,62,67,55,55,54,45,2
255,255,255,255,255,255,255,255,255,255,255,255,255,255,255,255,255,255,255,255,255,255,255,255,255,255,255,255,255,255,255,255,255,255,255,255,255,255,255,255,255,255,255,255,255,255,255,255,255,255,255,255,255,255,255,255,255,255,255,255,255,255,255,255,0
99,109,118,137,153,161,162,148,107,114,117,131,147,161,169,160,103,113,120,134,149,162,168,157,108,116,122,134,148,162,166,157,112,116,120,129,143,158,163,157,111,114,121,131,143,155,158,153,114,116,125,134,143,151,152,149,109,113,126,137,142,143,138,133,2
143,183,180,146,111,86,70,75,169,149,153,171,164,124,79,66,122,148,172,158,166,133,83,66,106,120,164,160,166,118,80,64,102,110,151,147,125,85,75,61,73,96,114,118,96,75,62,53,80,88,84,88,70,65,53,44,67,74,67,64,58,56,48,45,1
255,255,255,255,255,255,255,255,255,255,255,255,255,255,255,255,255,255,255,255,255,255,255,255,255,255,255,255,255,255,255,255,255,255,255,255,255,255,255,255,255,255,255,255,255,255,255,255,255,255,255,255,255,255,255,255,255,255,255,255,255,255,255,255,2
172,156,152,154,149,160,164,157,163,152,156,148,155,165,181,178,150,145,153,143,147,151,176,191,151,148,148,148,145,145,148,159,149,149,146,149,144,149,149,162,166,162,165,166,154,153,168,192,188,183,189,187,174,178,200,220,165,195,229,231,203,202,201,192,2
148,156,160,158,74,152,204,71,144,151,150,160,101,235,241,108,138,147,159,134,181,248,199,128,129,136,137,167,240,248,154,130,130,111,133,240,252,251,172,88,99,88,101,223,248,236,193,75,73,53,208,246,224,87,92,52,48,105,234,243,108,24,50,58,1
230,235,231,229,223,225,219,228,217,219,233,238,223,229,226,213,205,215,233,238,229,226,216,203,220,228,233,230,231,223,209,206,233,227,227,224,223,224,218,208,227,225,230,227,218,222,212,192,226,231,233,230,222,220,195,173,226,222,217,223,222,223,194,170,2
201,200,200,196,204,215,220,234,218,207,187,192,227,229,208,219,222,206,191,194,212,212,204,217,192,194,207,209,203,206,215,222,183,199,211,213,218,224,223,223,211,222,219,216,228,236,235,237,216,226,226,223,228,234,239,242,222,234,236,234,239,242,241,239,2
173,188,185,189,192,197,201,208,179,187,193,186,202,208,210,205,174,179,185,179,190,204,204,201,163,164,168,169,178,190,200,206,149,150,162,166,181,176,190,193,135,143,149,153,163,161,176,182,110,124,134,150,156,161,161,169,115,114,121,129,148,153,153,163,1
53,54,55,53,59,59,58,49,50,52,55,54,57,58,61,60,61,58,54,55,54,55,57,61,58,54,51,56,54,54,52,58,63,59,59,63,58,58,58,68,62,59,64,67,63,59,53,59,75,66,64,57,55,57,59,67,70,67,73,63,58,53,52,58,2
255,255,255,255,255,255,255,255,255,255,255,255,255,255,255,255,255,255,255,255,255,255,255,255,255,255,255,255,255,255,255,255,255,255,255,255,255,255,255,255,254,254,254,254,255,255,255,255,254,254,254,254,255,255,255,255,255,255,255,255,255,255,255,255,2
20,25,25,25,29,28,27,29,22,23,25,30,35,35,34,36,28,24,25,30,33,33,35,35,36,31,31,33,32,36,41,42,40,40,41,40,37,40,44,43,39,44,48,47,43,42,41,38,42,47,50,51,51,48,44,42,51,52,50,50,52,48,42,41,1
15,12,23,28,30,51,66,68,14,15,24,26,29,57,66,71,14,18,23,25,24,60,63,69,16,19,19,28,19,54,62,66,16,16,15,34,19,46,63,65,17,15,14,38,22,33,56,61,16,15,17,35,23,21,41,55,14,14,19,31,24,15,30,52,1
255,255,255,255,255,255,255,255,255,255,255,255,255,255,255,255,255,255,255,255,255,255,255,255,255,255,255,255,255,255,255,255,255,255,255,255,255,255,255,255,255,255,255,255,255,255,255,255,255,255,255,255,255,255,255,255,255,255,255,255,255,255,255,255,2
172,187,192,196,212,190,95,70,191,202,211,204,208,150,86,68,181,195,208,202,194,115,82,67,178,183,188,202,188,108,78,58,171,179,186,205,173,92,67,59,159,168,174,183,158,88,67,52,145,159,166,169,150,81,66,51,141,147,151,169,155,77,61,53,1
48,56,63,70,77,77,86,76,29,31,44,48,59,58,65,58,23,21,31,30,32,31,31,30,63,69,71,78,73,78,74,76,90,95,84,89,83,87,85,83,89,90,79,80,81,74,71,63,84,84,80,81,79,64,57,54,88,82,74,71,62,59,62,81,1
255,255,255,255,255,255,255,255,255,255,255,255,255,255,255,255,255,255,255,255,255,255,255,255,255,255,255,255,255,255,255,255,255,255,255,255,255,255,255,255,255,255,255,255,255,255,255,255,255,255,255,255,255,255,255,255,255,255,255,255,255,255,255,255,2
13,15,17,15,49,95,21,13,16,16,18,16,19,96,60,13,21,15,22,15,12,97,83,37,22,23,14,18,21,78,96,58,172,77,30,19,18,53,106,66,226,228,204,32,19,33,110,58,233,240,235,200,36,27,108,53,192,228,233,231,148,32,80,58,1
255,255,255,255,255,255,255,255,255,255,255,255,255,255,255,255,255,255,255,255,255,255,255,255,255,255,255,255,255,255,255,255,255,255,255,255,255,255,255,255,255,255,255,255,255,255,255,255,255,255,255,255,255,255,255,255,255,255,255,255,255,255,255,255,2
229,226,234,230,209,60,21,21,227,216,226,218,144,32,18,17,218,212,205,205,52,27,23,17,224,213,201,130,34,27,24,23,233,216,194,58,30,28,20,26,222,203,119,44,30,27,27,24,211,197,109,36,29,30,23,25,205,159,44,39,29,26,27,24,1
167,165,163,161,160,158,156,154,171,170,167,165,163,161,159,157,175,174,171,169,167,165,162,160,178,176,174,172,170,169,166,165,180,178,176,175,174,172,170,169,183,181,179,178,176,175,173,171,186,184,182,181,179,178,176,174,189,187,185,184,182,181,179,177,2
254,255,255,255,255,254,255,255,254,255,255,255,255,255,255,255,254,255,255,255,255,255,255,255,254,254,255,255,255,254,255,255,254,255,255,255,255,255,255,255,255,255,255,255,255,255,255,255,254,255,255,255,255,255,255,255,253,254,254,254,254,254,254,254,2
24,24,28,28,31,39,42,43,27,26,28,27,30,39,43,43,34,29,31,35,37,39,42,50,35,32,34,39,43,44,48,59,38,41,42,40,46,56,59,63,44,44,44,45,52,57,56,61,44,39,41,49,55,54,62,83,41,39,42,49,57,65,90,126,2
237,237,237,237,237,237,237,237,238,238,237,237,237,237,238,238,238,238,238,238,238,238,238,238,239,239,239,239,239,239,239,239,240,240,240,240,240,240,240,240,241,241,241,241,241,241,241,241,242,242,241,241,241,241,242,242,242,242,242,242,242,242,242,242,2
253,255,255,252,254,255,191,155,255,255,255,252,255,245,155,155,253,252,254,253,255,223,124,168,255,254,255,255,252,214,122,167,252,250,253,255,255,235,158,158,255,255,255,253,255,249,176,138,252,255,254,252,253,245,160,127,254,255,253,255,255,232,126,112,0
255,255,255,255,255,255,255,255,255,255,255,255,255,255,255,255,255,255,255,255,255,255,255,255,255,255,255,255,255,255,255,255,255,255,255,255,255,255,255,255,255,255,255,255,255,255,255,255,255,255,255,255,255,255,255,255,255,255,255,255,255,255,255,255,0
255,255,255,255,255,255,255,255,255,255,255,255,255,255,255,255,255,255,255,255,255,255,255,255,255,255,255,255,255,255,255,255,255,255,255,255,255,255,255,255,255,255,255,255,255,255,255,255,255,255,255,255,255,255,255,255,255,255,255,255,255,255,255,255,0
107,106,102,99,97,95,92,89,112,111,108,106,104,103,100,98,116,115,114,112,112,111,109,107,120,120,120,119,118,117,116,114,128,128,127,126,125,124,123,122,136,136,135,133,132,132,131,130,145,145,144,142,141,141,140,140,152,152,151,150,149,149,149,149,2
67,72,61,63,61,48,45,39,66,58,58,59,53,44,40,34,56,57,54,48,46,41,40,19,52,48,56,41,43,35,20,19,46,48,47,37,34,17,16,19,47,36,41,26,20,20,18,19,40,26,21,25,24,19,22,21,21,23,22,22,25,25,20,22,1
255,255,255,255,255,255,255,255,255,255,255,255,255,255,255,255,255,255,255,255,255,255,255,255,255,255,255,255,255,255,255,255,255,255,255,255,255,255,255,255,255,255,255,255,255,255,255,255,255,255,255,255,255,255,255,255,255,255,255,255,255,255,255,255,0
40,76,100,106,127,152,165,179,45,62,98,129,149,145,150,169,44,52,72,104,128,131,160,167,48,51,61,81,122,136,153,184,52,54,58,76,95,111,134,151,70,53,59,69,80,96,119,162,72,65,64,66,67,82,115,131,63,67,68,69,84,85,100,111,1
63,57,56,58,63,61,65,58,53,54,56,58,58,58,62,59,53,54,53,55,53,54,57,54,52,54,52,57,54,55,55,55,53,57,58,66,61,57,56,60,60,62,60,66,67,64,66,70,64,64,60,62,71,73,76,77,67,70,69,66,73,71,72,68,0
255,255,255,255,255,255,255,255,255,255,255,255,255,255,255,255,255,255,255,255,255,255,255,255,255,255,255,255,255,255,255,255,255,255,255,255,255,255,255,255,255,255,255,255,255,255,255,255,255,255,255,255,255,255,255,255,255,255,255,255,255,255,255,255,0
40,39,34,31,29,24,23,23,42,41,32,25,32,29,33,32,41,31,35,28,33,34,34,33,37,30,38,36,32,34,35,24,37,43,37,38,33,34,36,24,41,41,36,36,39,37,21,39,41,32,38,38,36,30,17,54,36,37,40,40,26,17,35,59,1
255,255,255,255,255,255,255,255,255,255,255,255,255,255,255,255,255,255,255,255,255,255,255,255,255,255,255,255,255,255,255,255,255,255,255,255,255,255,255,255,255,255,255,255,255,255,255,255,255,255,255,255,255,255,255,255,255,255,255,255,255,255,255,255,0
204,210,89,93,72,73,71,66,189,220,83,68,66,68,64,66,210,223,71,61,56,61,55,51,225,199,83,65,64,56,64,56,170,149,72,57,66,60,50,42,164,177,57,54,44,38,46,34,83,139,60,51,40,34,31,31,65,163,66,55,40,35,31,31,1
68,74,77,102,92,74,79,68,73,99,114,136,121,88,84,81,83,95,131,131,130,140,116,88,81,82,103,106,114,122,122,123,73,70,83,82,89,102,105,99,138,145,152,150,171,170,145,156,201,207,201,210,225,227,218,213,201,204,212,209,213,232,224,220,1
255,255,255,255,255,255,255,255,255,255,255,255,255,255,255,255,255,255,255,255,255,255,255,255,255,255,255,255,255,255,255,255,255,255,255,255,255,255,255,255,255,255,255,255,255,255,255,255,255,255,255,255,255,255,255,255,255,255,255,255,255,255,255,255,0
226,221,213,209,212,219,224,227,224,219,214,215,220,225,227,228,222,216,212,216,224,228,228,226,216,212,209,212,221,226,225,221,208,208,206,207,213,221,221,216,207,206,203,199,201,210,217,219,215,213,208,200,197,202,214,223,224,223,219,213,204,201,211,223,2
36,32,37,36,42,52,54,66,36,30,38,41,37,54,56,53,40,35,32,32,32,51,44,32,38,39,39,37,33,40,38,32,57,35,32,35,32,35,47,41,83,57,46,46,41,30,48,56,82,65,54,66,73,56,64,75,79,64,58,73,66,49,61,71,1
69,65,89,169,89,55,59,66,67,59,107,148,51,54,57,72,62,62,125,97,51,59,66,63,58,66,136,63,49,57,72,61,56,93,156,57,51,57,61,65,71,81,112,65,52,56,66,58,64,59,56,90,85,76,69,62,62,61,64,73,74,75,87,71,0
255,254,254,254,255,255,255,254,255,255,255,255,255,255,255,255,253,253,254,253,251,251,251,252,249,248,245,243,240,238,236,234,230,226,222,219,217,213,208,204,205,202,200,199,199,198,194,190,204,205,206,208,209,208,207,206,218,222,225,226,225,224,224,225,2
51,80,77,67,56,64,79,82,43,67,77,71,63,66,76,80,37,52,75,66,72,62,75,86,39,48,57,86,53,66,69,80,31,40,50,70,73,75,73,91,29,36,34,55,67,72,72,88,27,24,35,35,50,83,62,106,14,19,21,29,36,51,77,95,1
255,255,255,255,255,255,255,255,255,255,255,255,255,255,255,255,255,255,255,255,255,255,255,255,255,255,255,255,255,255,255,255,255,255,255,255,255,255,255,255,255,255,255,255,255,255,255,255,255,255,255,255,255,255,255,255,255,255,255,255,255,255,255,255,2
255,255,255,255,255,255,255,255,255,255,255,255,255,255,255,255,255,255,255,255,255,255,255,255,255,255,255,255,255,255,255,255,255,255,255,255,255,255,255,255,255,255,255,255,255,255,255,255,255,255,255,255,255,255,255,255,255,255,255,255,255,255,255,255,0
255,255,255,255,255,255,255,255,255,255,255,255,255,255,255,255,255,255,255,255,255,255,255,255,255,255,255,255,255,255,255,255,255,255,255,255,255,255,255,255,255,255,255,255,255,255,255,255,255,255,255,255,255,255,255,255,255,255,255,255,255,255,255,255,2
100,84,83,88,83,85,93,89,187,100,84,86,75,79,76,66,139,153,118,104,108,93,88,90,45,45,46,94,111,117,102,106,43,41,43,46,38,40,71,83,37,41,39,40,43,42,41,41,35,37,34,40,43,41,53,194,37,37,38,33,38,47,180,216,1
218,224,207,210,168,32,29,27,217,213,200,202,183,56,49,44,212,207,201,198,187,79,42,40,201,210,203,197,186,115,36,35,195,215,195,192,184,135,39,34,192,206,180,188,183,125,48,44,187,192,173,169,164,115,66,55,171,178,174,150,156,155,127,102,1
62,56,35,27,40,41,47,45,75,60,41,33,32,40,34,43,92,72,65,32,33,30,33,32,75,72,62,45,24,26,23,18,79,77,63,61,21,27,20,27,90,78,78,58,29,25,25,31,87,80,82,70,45,38,31,29,95,86,75,76,53,36,35,32,1
173,189,204,215,220,221,223,217,205,183,183,192,195,195,213,220,179,150,148,154,161,163,181,193,152,149,152,150,162,172,179,187,150,163,178,187,195,202,195,197,189,186,197,217,212,210,205,211,234,220,210,216,206,200,205,216,227,236,231,229,225,212,205,204,2
44,45,44,43,51,49,42,58,44,41,44,44,47,46,41,49,41,35,41,42,39,41,40,41,37,32,37,38,34,37,37,35,29,29,33,33,32,32,31,31,17,21,24,26,28,27,25,26,14,14,15,18,19,19,20,19,21,14,11,14,12,12,15,13,1
25,23,26,26,33,35,32,30,27,27,27,38,175,31,25,31,36,106,181,167,231,66,29,85,180,133,108,67,56,38,61,91,89,49,30,30,34,50,61,84,191,65,34,29,34,55,62,71,125,145,185,36,56,60,64,66,123,116,121,175,87,61,67,65,1
64,67,72,70,70,67,61,68,94,72,70,82,79,74,78,76,92,74,73,85,81,78,85,75,84,86,84,83,83,82,80,72,87,88,85,81,87,88,81,84,84,80,81,79,82,88,87,90,82,82,84,81,79,82,84,83,83,84,79,81,81,78,80,80,2
20,19,18,19,19,20,21,19,18,19,22,18,26,22,22,23,19,19,28,26,23,23,26,25,23,28,29,31,35,32,31,27,30,30,32,37,29,32,32,36,29,35,42,39,47,44,46,35,33,44,51,52,71,132,63,46,43,50,57,57,82,157,141,59,1
80,118,178,206,52,45,41,45,80,115,168,208,50,41,39,40,85,110,153,217,54,34,37,37,84,124,144,205,66,41,37,34,90,116,148,233,117,70,71,64,81,115,151,219,141,69,65,62,81,110,155,220,186,81,63,61,81,113,133,174,194,88,57,61,1
255,255,255,255,255,255,255,255,255,255,255,255,255,255,255,255,255,255,255,255,255,255,255,255,255,255,255,255,255,255,255,255,255,255,255,255,255,255,255,255,255,255,255,255,255,255,255,255,255,255,255,255,255,255,255,255,255,255,255,255,255,255,255,255,0
114,130,127,165,199,218,221,233,115,117,125,155,200,222,225,225,101,99,117,165,218,216,207,214,89,108,113,156,209,218,201,207,89,95,102,152,201,209,182,197,90,90,104,124,166,206,202,212,83,96,109,111,141,190,213,221,78,101,100,109,125,147,173,184,2
57,58,60,54,63,88,49,51,58,59,52,55,75,111,61,74,57,61,52,51,63,64,76,94,53,62,69,78,91,108,113,104,56,73,86,78,79,82,85,75,68,67,80,78,64,76,70,77,75,70,65,62,67,71,82,72,63,67,61,68,71,80,60,76,0
37,49,70,82,127,138,156,171,39,57,65,92,119,148,153,168,41,58,70,98,120,144,151,167,43,61,78,96,123,141,157,166,46,72,80,89,115,149,164,163,48,75,79,84,106,138,157,160,49,73,80,82,104,119,141,152,49,76,80,84,103,116,131,141,1
255,255,255,255,254,254,253,252,255,255,255,255,255,254,254,254,254,255,255,255,255,255,255,255,255,255,255,255,255,255,255,255,255,255,255,255,255,255,255,255,255,255,255,255,255,255,255,254,255,255,255,255,255,255,255,255,255,255,255,255,255,255,255,255,0
161,159,158,163,172,182,197,211,167,166,162,168,168,177,185,200,170,169,165,165,160,163,175,194,165,164,167,158,156,150,171,191,157,157,162,153,152,147,167,187,153,154,152,150,144,148,162,182,154,159,157,155,144,147,158,176,156,168,175,168,154,146,154,168,2
50,61,111,169,179,192,193,124,54,98,142,181,202,215,235,184,67,122,166,159,183,201,208,228,74,118,107,138,166,148,178,186,49,71,65,83,125,122,125,137,54,51,49,64,92,93,102,98,46,39,49,70,76,67,53,80,44,46,52,78,78,96,63,74,1
214,213,214,212,211,213,217,116,212,208,209,211,207,209,216,166,210,206,208,209,205,208,212,210,207,207,207,205,204,207,203,213,209,210,210,205,208,208,204,204,211,211,210,208,211,208,210,206,211,211,210,209,209,207,210,209,215,217,215,213,212,211,211,212,0
255,255,255,255,255,255,255,255,255,255,255,255,255,255,255,255,255,255,255,255,255,255,255,255,255,255,255,255,255,255,255,255,255,255,255,255,255,255,255,255,255,255,255,255,255,255,255,255,255,255,255,255,255,255,255,255,255,255,255,255,255,255,255,255,2
255,255,255,255,255,255,255,255,255,255,255,255,255,255,255,255,255,255,255,255,255,255,255,255,255,255,255,255,255,255,255,255,255,255,255,255,255,255,255,255,255,255,255,255,255,255,255,255,255,255,255,255,255,255,255,255,255,255,255,255,255,255,255,255,2
70,66,64,66,64,61,62,58,59,65,63,58,57,62,62,52,60,65,63,61,62,60,57,51,61,60,55,59,62,57,54,56,64,63,54,50,54,55,56,54,67,66,58,53,55,57,56,50,61,59,57,61,62,61,60,56,64,62,62,65,65,66,69,65,2
44,43,47,45,47,50,43,40,58,54,50,46,46,46,41,39,61,56,48,49,52,48,47,51,57,54,48,56,59,51,54,63,49,54,52,55,57,55,63,70,47,55,55,49,48,56,66,66,57,59,61,53,47,54,60,57,62,56,62,61,55,59,59,57,2
191,185,181,194,122,62,47,51,180,182,181,182,160,76,46,21,174,182,182,184,147,78,39,22,173,177,179,171,156,60,19,14,167,175,169,140,97,31,22,22,120,140,136,97,80,144,177,188,87,94,171,192,211,216,221,212,132,151,166,181,197,174,171,176,1
97,101,103,100,108,106,92,91,105,105,104,112,119,85,92,96,113,121,125,112,89,101,101,105,133,127,140,112,108,109,117,113,215,194,197,179,112,115,118,120,191,198,230,226,221,205,194,197,202,234,230,224,212,221,214,204,231,219,224,214,206,210,202,206,1
57,56,65,82,88,94,100,112,56,65,83,83,90,96,92,103,59,77,92,87,94,82,103,124,66,76,72,83,89,79,97,111,66,70,60,73,66,83,77,81,62,72,69,73,65,70,73,72,65,71,73,75,82,63,73,67,70,69,69,68,77,72,72,83,0
255,253,254,255,251,238,207,167,253,252,254,244,226,191,155,153,254,248,239,203,165,152,156,173,250,230,186,153,148,158,175,189,224,181,144,147,164,175,189,200,175,146,151,167,173,187,203,219,144,154,169,177,193,207,211,225,153,166,179,194,207,217,228,234,2
170,78,42,38,34,29,27,23,95,58,45,39,33,32,30,22,85,61,53,40,38,28,25,28,94,58,51,38,36,35,41,60,96,77,56,40,40,106,134,135,106,76,53,62,115,127,126,126,114,74,76,98,84,73,66,81,134,85,92,61,54,59,68,91,1
76,70,55,52,59,57,55,54,78,66,55,53,57,54,56,58,81,61,52,53,58,54,56,56,75,54,53,53,56,54,55,53,61,51,56,53,52,54,53,55,55,51,55,51,55,64,55,57,54,52,51,50,63,78,57,55,51,53,51,52,69,84,54,53,0
255,255,255,255,255,255,255,255,255,255,255,255,255,255,255,255,255,255,255,255,255,255,255,255,255,255,255,255,255,255,255,255,255,255,255,255,255,255,255,255,255,255,255,255,255,255,255,255,255,255,255,255,255,255,255,255,255,255,255,255,255,255,255,255,0
84,77,80,83,99,99,107,109,86,87,78,87,87,92,99,109,86,85,83,85,101,91,112,104,75,86,89,90,93,101,88,111,66,80,87,82,88,95,107,114,78,73,76,80,80,87,95,104,76,96,83,79,87,95,95,101,113,83,85,99,99,95,88,101,1
223,230,223,218,216,214,221,204,217,221,219,215,215,214,218,210,209,209,212,212,218,217,214,210,212,206,199,197,208,209,209,208,219,213,201,198,206,205,208,204,218,219,214,212,215,210,213,208,223,219,219,216,215,213,217,218,229,219,225,221,219,218,217,220,2
255,255,255,255,255,255,255,255,255,255,255,255,255,255,255,255,255,255,255,255,255,255,255,255,255,255,255,255,255,255,255,255,255,255,255,255,255,255,255,255,255,255,255,255,255,255,255,255,255,255,255,255,255,255,255,255,255,255,255,255,255,255,255,255,2
218,219,219,220,221,221,221,222,219,219,220,220,221,221,222,222,220,220,221,222,222,223,223,223,222,222,223,224,224,225,225,225,223,224,224,225,225,226,226,226,225,225,225,226,226,227,227,227,226,227,227,228,228,228,229,229,228,228,229,229,230,230,230,230,2
255,255,255,255,255,255,255,255,255,255,255,255,255,255,255,255,255,255,255,255,255,255,255,255,255,255,255,255,255,255,255,255,255,255,255,255,255,255,255,255,255,255,255,255,255,255,255,255,255,255,255,255,255,255,255,255,255,255,255,255,255,255,255,255,0
255,255,255,255,255,255,255,255,255,255,255,255,255,255,255,255,255,255,255,255,255,255,255,255,255,255,255,255,255,255,255,255,255,255,255,255,255,255,255,255,255,255,255,255,255,255,255,255,255,255,255,255,255,255,255,255,255,255,255,255,255,255,255,255,0
238,235,219,217,215,104,70,193,234,246,234,228,220,144,88,98,252,241,250,227,228,209,94,66,191,251,241,237,241,229,118,79,56,214,251,248,232,231,193,89,50,47,236,253,245,243,236,120,46,36,47,245,255,251,249,197,47,40,104,57,248,253,253,252,1
229,231,237,245,250,252,254,255,227,229,233,240,246,251,254,255,228,229,231,235,242,249,254,255,230,231,232,233,238,246,252,254,231,232,232,232,235,241,248,252,231,233,233,233,234,238,244,249,233,233,234,235,235,237,241,245,234,234,234,235,236,236,238,242,2
151,156,157,170,144,81,79,66,156,154,157,159,163,108,78,88,152,149,158,154,166,149,85,105,146,150,155,154,158,169,117,97,147,154,148,153,156,161,157,97,146,151,146,154,153,157,167,133,143,145,149,153,150,160,155,163,143,146,147,147,155,156,150,160,2
255,255,255,255,255,255,255,255,255,255,255,255,255,255,255,255,255,255,255,255,255,255,255,255,255,255,255,255,255,255,255,255,255,255,255,255,255,255,255,255,255,255,255,255,255,255,255,255,255,255,255,255,255,255,255,255,255,255,255,255,255,255,255,255,0
102,147,136,112,116,152,152,143,75,101,160,140,135,136,162,145,95,78,102,140,146,135,159,146,100,91,95,106,115,128,146,145,113,101,97,100,109,123,141,146,104,109,101,112,113,130,144,150,107,100,110,110,121,131,130,148,139,110,103,109,120,125,130,142,2
170,140,68,74,84,92,90,93,161,92,70,71,88,85,90,92,130,61,69,75,84,90,91,87,52,35,53,74,77,90,94,96,36,32,35,59,81,88,96,97,31,28,31,43,60,72,90,100,69,50,37,30,40,59,78,89,202,153,102,49,40,37,62,80,1
99,177,181,198,165,89,26,23,194,191,214,126,60,37,22,21,195,201,128,57,44,38,39,38,128,69,45,48,43,43,46,48,30,31,38,40,43,36,42,43,21,26,21,34,40,38,36,29,34,23,29,29,27,28,32,45,27,29,29,28,27,41,47,41,1
232,233,233,234,234,235,235,235,234,234,235,235,236,236,236,236,235,235,235,236,236,237,237,237,236,236,237,237,237,237,238,238,238,238,239,239,239,239,240,240,240,240,240,240,240,240,240,241,241,241,241,241,241,241,241,241,242,242,242,242,242,242,242,243,2
140,139,139,139,140,139,140,140,141,140,140,141,141,141,141,142,143,142,142,142,142,142,142,143,144,143,143,143,143,143,143,144,145,145,144,144,144,143,144,144,148,147,146,146,145,145,145,145,151,150,148,148,147,147,147,147,153,152,151,150,149,148,148,149,2
198,201,205,208,210,213,216,218,219,222,225,227,228,230,232,233,231,233,236,237,238,239,239,239,240,242,243,244,245,245,245,245,246,246,247,247,248,248,248,248,246,246,246,245,246,247,246,245,244,244,244,244,244,245,244,242,235,235,235,235,236,237,235,233,2
145,169,156,189,193,154,139,140,157,193,161,144,161,151,139,133,152,164,155,139,139,138,144,129,141,136,126,125,142,143,139,115,115,121,113,116,128,126,123,114,122,116,111,119,115,116,119,109,130,126,113,98,95,103,99,94,133,128,120,98,91,95,86,89,2
110,113,116,118,121,124,128,131,113,115,118,121,123,126,129,132,115,117,120,122,124,126,129,131,116,118,121,123,125,126,128,130,118,120,122,124,126,127,128,129,120,121,123,125,126,127,128,129,120,121,123,124,126,127,128,129,121,122,123,124,126,127,128,129,2
255,255,255,255,255,255,255,255,255,255,255,255,255,255,255,255,255,255,255,255,255,255,255,255,255,255,255,255,255,255,255,255,255,255,255,255,255,255,255,255,255,255,255,255,255,255,255,255,255,255,255,255,255,255,255,255,255,255,255,255,255,255,255,255,2
255,255,255,255,255,255,255,255,255,255,255,255,255,255,255,255,255,255,255,255,255,255,255,255,255,255,255,255,255,255,255,255,255,255,255,255,255,255,255,255,255,255,255,255,255,255,255,255,255,255,255,255,255,255,255,255,255,255,255,255,255,255,255,255,0
78,83,91,110,151,193,234,255,81,69,79,97,115,149,177,226,70,60,74,72,85,113,129,158,61,66,82,76,76,85,113,141,61,60,58,69,68,74,88,108,56,57,62,60,60,66,71,90,54,53,62,54,62,64,71,96,44,53,56,55,62,70,65,81,1
255,255,255,255,255,255,255,255,255,255,255,255,255,255,255,255,255,255,255,255,255,255,255,255,255,255,255,255,255,255,255,255,255,255,255,255,255,255,255,255,255,255,255,255,255,255,255,255,255,255,255,255,255,255,255,255,255,255,255,255,255,255,255,255,0
42,38,34,28,16,25,42,44,41,38,35,24,19,26,45,45,41,39,33,21,23,30,45,44,35,33,23,19,28,39,48,47,33,27,19,17,34,41,49,46,30,21,18,14,36,38,50,46,19,15,14,13,27,35,50,51,16,19,12,15,14,32,43,48,1
55,49,46,47,45,42,46,44,60,49,48,47,51,49,52,51,61,47,48,44,50,49,54,58,61,48,49,45,48,52,58,70,53,47,47,46,45,56,64,84,50,42,40,59,84,113,119,130,39,40,37,40,42,48,49,57,38,43,41,41,41,38,38,41,1
245,247,250,251,249,246,245,244,247,249,250,251,250,250,251,252,253,254,254,253,253,254,255,255,255,255,255,255,255,255,255,255,254,254,254,255,255,255,255,254,255,255,254,254,254,255,255,255,255,255,255,255,254,254,255,255,254,254,255,255,255,255,255,255,0
233,233,233,232,232,231,231,231,233,233,233,233,232,232,232,231,233,233,233,233,233,233,232,232,233,233,233,233,233,233,233,233,233,233,233,233,233,233,233,233,233,233,233,233,233,233,233,233,233,233,233,233,233,233,233,233,233,233,233,233,233,233,233,233,2
89,89,84,92,90,92,94,92,87,86,90,87,98,111,165,190,96,90,94,144,185,199,202,198,111,158,189,204,207,206,206,212,213,208,200,199,208,215,207,205,201,191,198,207,208,207,207,206,213,193,192,193,211,193,212,216,187,209,193,183,197,194,202,198,1
110,118,121,117,120,147,189,221,116,120,132,156,189,222,243,250,204,218,236,249,255,255,254,252,255,255,255,253,253,253,254,253,251,253,255,255,254,254,255,255,255,254,253,254,255,255,254,253,254,254,255,255,255,255,255,255,255,254,254,255,255,255,255,255,0
168,177,134,69,59,42,47,39,168,190,196,72,60,49,50,44,167,174,217,160,70,54,49,46,177,182,180,121,62,52,59,53,159,183,173,119,70,59,52,50,130,151,133,86,75,71,67,58,120,111,83,68,73,64,67,62,103,79,70,70,78,67,67,71,1
214,215,216,216,216,216,217,217,219,219,219,219,219,219,219,220,223,223,223,223,222,222,223,223,225,225,225,225,225,225,226,227,228,228,228,228,227,228,229,229,230,231,231,230,230,230,230,231,233,233,233,233,233,232,233,233,234,235,236,236,236,236,236,236,2
255,255,253,253,255,251,198,122,254,253,255,255,255,243,174,110,255,251,255,253,255,234,154,112,255,252,254,250,255,228,143,119,253,255,254,253,255,219,129,112,252,255,253,255,255,209,118,107,254,255,253,255,251,205,117,115,255,252,254,255,249,205,118,124,2
255,255,255,255,255,255,255,255,255,255,255,255,255,255,255,255,255,255,255,255,255,255,255,255,255,255,255,255,255,255,255,255,255,255,255,255,255,255,255,255,255,255,255,255,255,255,255,255,255,255,255,255,255,255,255,255,255,255,255,255,255,255,255,255,2
251,254,216,101,101,94,91,96,180,227,220,112,88,92,89,89,182,210,222,121,84,89,96,92,246,250,204,103,88,88,91,89,202,200,132,86,87,85,90,87,121,115,96,91,88,87,90,90,84,92,95,82,86,92,87,94,80,90,82,94,88,91,88,86,0
255,255,255,255,255,255,255,255,255,255,255,255,255,255,255,255,255,255,255,255,255,255,255,255,255,255,255,255,255,255,255,255,255,255,255,255,255,255,255,255,255,255,255,255,255,255,255,255,255,255,255,255,255,255,255,255,255,255,255,255,255,255,255,255,0
45,52,52,54,55,57,52,52,50,52,51,51,52,54,54,54,51,51,51,51,51,53,55,53,49,50,54,58,53,54,54,53,47,51,55,62,53,54,53,55,48,50,52,57,52,52,52,56,49,48,51,52,57,52,52,53,50,46,52,51,66,55,54,50,0
233,233,233,233,233,233,233,233,233,233,233,233,233,233,233,233,233,233,233,233,233,233,233,233,235,235,235,234,234,234,234,234,236,236,236,235,235,235,235,235,236,236,236,236,236,236,236,236,237,237,237,237,236,236,236,236,237,237,237,237,237,237,237,237,2
232,229,233,229,230,228,229,227,222,225,233,230,232,231,232,233,223,224,229,230,232,227,225,231,225,231,235,233,231,225,221,229,205,225,240,238,232,228,225,232,172,190,213,226,223,215,208,216,142,148,164,183,185,179,171,177,121,126,134,141,141,147,144,143,2
53,51,49,52,50,46,34,35,55,60,53,61,61,53,45,37,56,73,66,60,53,49,52,52,55,66,68,60,55,53,49,55,55,56,60,61,60,51,47,56,58,59,52,51,50,43,51,50,62,59,51,49,51,48,53,40,65,55,61,60,55,48,52,55,2
21,22,31,45,70,74,78,101,62,59,59,64,74,74,82,92,199,204,206,208,211,208,198,169,210,210,215,218,218,217,222,212,219,217,224,225,230,230,228,226,214,224,235,229,234,239,237,234,223,220,226,234,245,246,245,242,213,219,232,244,248,248,255,254,1
255,255,255,255,255,255,255,255,255,255,255,255,255,255,255,255,255,255,255,255,255,255,255,255,255,255,255,255,255,255,255,255,255,255,255,255,255,255,255,255,255,255,255,255,255,255,255,255,255,255,255,255,255,255,255,255,255,255,255,255,255,255,255,255,2
49,42,40,42,43,39,37,44,37,36,36,36,39,40,40,48,40,41,39,36,39,39,34,38,50,50,44,35,36,37,35,40,38,47,53,49,46,40,35,39,39,43,48,45,43,44,44,46,35,35,40,42,48,57,54,45,37,37,41,42,48,61,57,43,2
255,255,255,255,255,255,255,255,255,255,255,255,255,255,255,255,255,255,255,255,255,255,255,255,255,255,255,255,255,255,255,255,255,255,255,255,255,255,255,255,255,255,255,255,255,255,255,255,255,255,255,255,255,255,255,255,255,255,255,255,255,255,255,255,0
255,255,255,255,255,255,255,255,255,255,255,255,255,255,255,255,255,255,255,255,255,255,255,255,255,255,255,255,255,255,255,255,255,255,255,255,255,255,255,255,255,255,255,255,255,255,255,255,255,255,255,255,255,255,255,255,255,255,255,255,255,255,255,255,0
89,84,64,64,63,48,52,62,83,80,77,72,62,51,51,63,71,75,86,85,76,70,61,54,75,77,77,83,83,78,74,62,82,78,72,78,80,74,73,76,78,78,81,77,79,80,72,76,77,79,89,81,77,84,77,75,77,78,89,94,82,75,76,73,2
14,16,19,21,24,50,234,252,19,16,19,24,40,51,65,195,29,26,26,37,47,44,45,39,36,29,37,30,31,24,22,20,34,34,32,35,33,35,19,20,41,38,37,38,43,40,36,15,39,41,44,44,42,42,38,21,46,53,42,54,46,48,50,40,1
185,167,147,153,183,215,185,153,162,157,155,149,151,184,181,158,141,151,152,142,145,157,155,155,135,141,135,140,172,168,153,166,124,133,139,144,164,158,149,155,131,148,155,140,137,141,149,147,164,166,157,138,133,137,141,137,155,152,159,166,156,143,141,141,2
255,255,255,255,255,255,255,255,255,255,255,255,255,255,255,255,255,255,255,255,255,255,255,255,255,255,255,255,255,255,255,255,255,255,255,255,255,255,255,255,255,255,255,255,255,255,255,255,255,255,255,255,255,255,255,255,255,255,255,255,255,255,255,255,2
255,255,255,255,255,255,255,255,255,255,255,255,255,255,255,255,255,255,255,255,255,255,255,255,255,255,255,255,255,255,255,255,255,255,255,255,255,255,255,255,255,255,255,255,255,255,255,255,255,255,255,255,255,255,255,255,255,255,255,255,255,255,255,255,0
248,246,242,237,234,231,229,226,250,248,244,240,237,234,232,229,252,250,246,242,239,236,233,231,253,252,248,244,241,238,234,232,255,254,251,248,245,242,239,236,255,255,253,251,250,248,244,242,255,255,254,253,252,251,248,245,255,255,255,254,253,252,249,247,0
70,61,66,73,71,61,67,70,68,73,73,72,69,68,74,77,74,79,72,77,73,71,77,88,74,76,68,71,74,82,83,114,81,78,81,75,71,82,103,181,77,79,76,83,80,113,168,165,86,80,82,78,109,145,160,153,82,74,85,99,128,128,123,95,1
244,244,252,255,246,245,238,235,245,240,234,222,221,223,213,203,220,215,207,197,202,189,173,170,196,188,185,176,160,138,126,123,174,163,158,141,102,87,75,49,136,121,89,60,40,42,36,20,64,58,31,17,21,21,16,15,24,24,26,27,27,20,21,14,2
255,255,255,255,255,255,255,255,255,255,255,255,255,255,255,255,255,255,255,255,255,255,255,255,255,255,255,255,255,255,255,255,255,255,255,255,255,255,255,255,255,255,255,255,255,255,255,255,255,255,255,255,255,255,255,255,255,255,255,255,255,255,255,255,2
255,255,255,255,255,255,255,255,255,255,255,255,255,255,255,255,255,255,255,255,255,255,255,255,255,255,255,255,255,255,255,255,255,255,255,255,255,255,255,255,255,255,255,255,255,255,255,255,255,255,255,255,255,255,255,255,255,255,255,255,255,255,255,255,2
255,255,255,255,255,255,255,255,255,255,255,255,255,255,255,255,255,255,255,255,255,255,255,255,255,255,255,255,255,255,255,255,255,255,255,255,255,255,255,255,255,255,255,255,255,255,255,255,255,255,255,255,255,255,255,255,254,254,254,254,254,254,254,254,2
255,255,255,255,255,255,255,255,255,255,255,255,255,255,255,255,255,255,255,255,255,255,255,255,255,255,255,255,255,255,255,255,255,255,255,255,255,255,255,255,255,255,255,255,255,255,255,255,255,255,255,255,255,255,255,255,255,255,255,255,255,255,255,255,0
23,24,26,26,28,29,28,25,24,26,28,29,31,32,31,28,26,29,31,32,33,34,32,30,29,31,32,33,34,34,31,28,31,32,33,33,32,32,30,27,30,31,32,30,30,29,28,26,28,29,28,26,25,25,24,23,25,26,24,22,20,20,20,19,1
255,253,243,227,214,219,196,200,255,254,254,254,238,226,217,195,255,253,251,252,246,248,226,210,253,254,255,252,255,249,245,219,239,255,255,253,254,254,249,252,246,237,255,254,254,250,246,238,245,248,236,244,252,252,252,242,236,250,242,238,251,255,253,248,1
28,25,26,44,50,94,102,135,27,23,22,45,46,86,98,109,24,24,21,44,49,82,91,103,23,19,25,43,48,78,85,110,22,15,27,43,41,66,79,96,18,24,25,38,42,60,72,78,18,29,23,32,46,61,68,77,23,21,24,30,41,61,69,82,1
129,134,144,154,154,147,140,129,128,132,142,153,154,149,142,131,136,140,147,157,159,154,148,138,144,149,153,159,159,155,151,145,147,153,156,157,157,155,156,156,149,156,156,155,155,154,159,162,158,163,159,154,153,152,155,158,173,176,167,160,157,153,153,152,2
29,19,18,25,22,28,31,38,67,21,20,22,32,31,38,44,89,21,21,21,34,32,38,45,79,24,23,25,28,30,32,40,69,33,24,26,26,28,28,36,71,40,21,22,27,25,28,33,69,39,20,20,25,24,26,29,60,35,22,25,20,26,24,27,1
253,255,254,253,253,253,252,254,255,254,254,252,255,255,253,255,250,244,253,252,241,221,209,231,147,140,152,146,125,93,72,99,37,39,54,54,60,65,54,63,68,75,82,77,85,100,95,89,95,103,109,112,114,121,129,126,128,131,131,138,136,138,151,148,2
244,244,243,243,243,243,243,243,245,245,244,244,244,244,244,245,246,245,245,245,245,245,245,245,245,245,245,245,245,245,245,245,246,246,246,246,246,246,246,246,247,247,247,247,247,247,247,247,248,248,248,248,248,249,249,249,248,249,249,249,249,249,249,249,2
255,255,255,255,255,255,255,255,255,255,255,255,255,255,255,255,255,255,255,255,255,255,255,255,255,255,255,255,255,255,255,255,255,255,255,255,255,255,255,255,255,255,255,255,255,255,255,255,255,255,255,255,255,255,255,255,255,255,255,255,255,255,255,255,2
240,226,231,232,197,149,129,105,236,234,229,229,203,147,114,103,242,235,230,224,182,134,115,113,234,230,219,209,171,132,109,104,232,228,226,210,164,136,118,97,234,226,231,208,151,131,124,96,224,221,208,178,150,126,104,85,224,215,197,165,145,122,101,87,2
193,187,189,190,194,204,205,201,176,172,173,167,178,194,197,212,158,162,167,164,182,207,215,222,153,150,160,175,180,185,179,153,147,151,167,175,170,169,146,101,151,167,190,180,168,157,119,98,152,169,197,190,169,133,101,130,149,174,192,173,146,115,114,165,2
255,255,255,255,255,255,255,255,255,255,255,255,255,255,255,255,255,255,255,255,255,255,255,255,255,255,255,255,255,255,255,255,255,255,255,255,255,255,255,255,255,255,255,255,255,255,255,255,255,255,255,255,255,255,255,255,255,255,255,255,255,255,255,255,2
215,215,215,216,216,217,220,223,220,219,218,218,218,218,219,220,225,223,223,224,225,225,224,223,230,229,229,230,232,232,232,231,238,237,237,237,237,237,237,238,243,243,243,243,242,242,243,244,248,248,248,248,248,248,250,251,254,253,253,253,253,253,253,254,0
14,11,12,16,14,13,26,40,14,17,10,11,15,15,16,28,11,14,14,15,11,16,20,25,14,15,15,14,16,17,13,14,17,10,17,17,15,16,19,18,19,16,21,24,27,26,20,22,33,82,126,170,191,148,59,28,188,191,195,209,205,219,206,210,1
129,129,130,131,131,130,131,132,130,130,131,132,132,131,132,133,132,131,132,132,132,132,132,133,133,133,133,133,133,133,133,134,135,134,134,135,135,134,134,134,136,135,135,135,135,135,134,135,138,137,136,137,137,136,136,136,140,139,139,139,140,139,139,138,2
163,90,56,58,85,86,49,59,98,62,70,146,147,92,55,47,70,85,140,164,129,51,53,53,100,159,164,163,82,54,49,55,144,154,144,152,66,59,57,52,146,165,144,110,62,60,50,54,152,111,68,61,66,57,59,53,142,61,64,94,74,64,56,56,1
255,255,255,255,255,255,255,255,255,255,255,255,255,255,255,255,255,255,255,255,255,255,255,255,255,255,255,255,255,255,255,255,255,255,255,255,255,255,255,255,255,255,255,255,255,255,255,255,255,255,255,255,255,255,255,255,255,255,255,255,255,255,255,255,2
255,255,255,255,255,255,255,255,255,255,255,255,255,255,255,255,255,255,255,255,255,255,255,255,255,255,255,255,255,255,255,255,255,255,255,255,255,255,255,255,255,255,255,255,255,255,255,255,255,255,255,255,255,255,255,255,255,255,255,255,255,255,255,255,2
255,255,255,255,255,255,255,255,255,255,255,255,255,255,255,255,255,255,255,255,255,255,255,255,255,255,255,255,255,255,255,255,255,255,255,255,255,255,255,255,255,255,255,255,255,255,255,255,255,255,255,255,255,255,255,255,255,255,255,255,255,255,255,255,2
11,13,16,20,19,25,28,18,15,23,29,36,41,38,36,36,27,45,51,49,54,58,54,44,61,73,89,102,102,94,93,79,139,163,180,183,195,204,209,201,161,183,186,185,191,192,197,163,160,152,144,114,110,109,99,89,107,102,104,134,157,215,236,85,1
255,255,255,255,255,255,255,255,255,255,255,255,255,255,255,255,255,255,255,255,255,255,255,255,255,255,255,255,255,255,255,255,255,255,255,255,255,255,255,255,255,255,255,255,255,255,255,255,255,255,255,255,255,255,255,255,255,255,255,255,255,255,255,255,0
255,255,228,179,183,178,166,148,244,255,252,243,212,198,184,188,187,221,253,251,252,224,198,192,153,181,213,224,243,206,229,213,119,143,158,177,182,192,202,207,95,109,120,147,180,185,183,192,93,94,107,116,137,181,186,201,80,99,133,135,174,168,170,174,1
14,17,13,31,28,19,15,36,20,16,17,26,27,18,19,16,18,19,17,17,33,25,21,17,35,26,40,57,57,53,63,70,144,137,149,123,95,92,91,95,194,200,178,113,97,94,93,85,221,203,174,104,96,103,88,96,200,230,150,102,105,88,93,91,1
170,57,83,110,116,87,85,89,172,63,112,99,78,88,114,142,134,111,105,86,110,137,151,161,79,105,97,117,124,156,153,164,89,100,110,112,138,124,101,86,108,125,101,99,69,91,88,86,89,86,93,86,85,89,97,90,88,88,96,113,117,114,119,116,1
255,255,255,255,255,255,255,255,255,255,255,255,255,255,255,255,255,255,255,255,255,255,255,255,255,255,255,255,255,255,255,255,255,255,255,255,255,255,255,255,255,255,255,255,255,255,255,255,255,255,255,255,255,255,255,255,255,255,255,255,255,255,255,255,0
189,203,202,203,207,211,204,189,185,195,201,205,208,199,185,156,198,197,202,199,200,207,187,156,194,198,201,200,203,215,208,187,180,197,194,201,201,205,211,204,177,185,198,182,198,204,208,203,169,174,181,187,186,219,200,201,174,165,171,182,193,190,201,196,1
114,114,121,128,142,170,247,251,83,83,83,97,101,114,144,166,82,73,81,80,85,94,106,122,74,74,80,84,79,95,93,98,76,78,72,79,78,83,88,93,79,76,78,84,87,79,92,85,92,85,82,90,78,85,90,87,89,84,86,87,89,87,78,85,1
251,250,249,249,249,249,249,249,252,251,250,249,249,249,249,249,252,252,251,250,250,250,250,249,253,252,251,251,251,251,251,251,253,252,252,252,252,252,252,252,253,252,252,252,253,253,253,253,254,253,253,253,253,253,253,253,254,254,253,253,253,253,253,252,2
108,108,112,62,33,35,33,38,113,93,36,33,36,37,32,40,79,23,35,34,31,37,35,35,37,21,24,36,42,40,38,34,37,27,19,32,35,44,38,37,30,21,21,21,39,47,44,35,34,38,47,40,33,37,36,34,40,41,45,53,54,52,50,45,1
255,255,255,255,254,253,252,252,255,255,255,255,254,253,253,254,255,255,255,255,254,254,254,255,255,255,255,254,253,253,254,255,255,255,255,254,253,253,254,255,255,255,255,255,253,253,254,255,255,255,255,255,254,253,254,255,254,255,255,255,254,254,255,255,0
206,201,196,193,193,195,197,199,176,178,182,186,193,201,208,212,191,197,203,206,211,219,226,229,213,218,222,221,222,227,233,236,229,233,234,232,233,238,243,244,241,243,243,242,241,244,246,246,245,246,246,245,244,243,244,244,245,245,244,242,239,237,237,239,2
203,195,203,191,199,204,197,189,197,197,187,203,200,198,196,181,199,196,211,209,198,188,193,183,204,210,211,213,206,198,185,179,206,208,202,202,200,189,189,78,210,204,214,203,189,184,81,28,201,201,193,191,179,74,25,30,196,193,191,173,74,41,33,28,1
255,255,255,255,255,255,255,255,255,255,255,255,255,255,255,255,255,255,255,255,255,255,255,255,255,255,255,255,255,255,255,255,255,255,255,255,255,255,255,255,255,255,255,255,255,255,255,255,255,255,255,255,255,255,255,255,255,255,255,255,255,255,255,255,0
255,255,255,255,255,255,255,255,255,255,255,255,255,255,255,255,255,255,255,255,255,255,255,255,255,255,255,255,255,255,255,255,255,255,255,255,255,255,255,255,255,255,255,255,255,255,255,255,255,255,255,255,255,255,255,255,255,255,255,255,255,255,255,255,2
255,255,255,255,255,255,255,255,255,255,255,255,255,255,255,255,255,255,255,255,255,255,255,255,255,255,255,255,255,255,255,255,255,255,255,255,255,255,255,255,255,255,255,255,255,255,255,255,255,255,255,255,255,255,255,255,255,255,255,255,255,255,255,255,0
255,255,255,255,255,255,255,255,255,255,255,255,255,255,255,255,255,255,255,255,255,255,255,255,255,255,255,255,255,255,255,255,255,255,255,255,255,255,255,255,255,255,255,255,255,255,255,255,255,255,255,255,255,255,255,255,255,255,255,255,255,255,255,255,0
47,50,50,36,233,235,230,219,43,38,19,25,104,240,235,227,38,21,24,30,40,237,237,222,21,21,19,21,31,124,254,235,21,18,18,23,24,40,245,242,23,18,22,15,24,30,111,253,22,17,20,20,25,28,38,237,23,25,21,17,22,22,25,85,1
226,196,189,181,158,157,149,162,209,183,166,159,156,146,154,168,163,162,157,160,151,150,150,143,156,155,150,155,150,153,141,138,145,165,160,147,152,140,133,146,151,180,165,147,139,132,141,157,162,166,152,155,140,134,132,137,165,167,171,162,154,144,127,123,2
255,255,255,255,255,255,255,255,255,255,255,255,255,255,255,255,255,255,255,255,255,255,255,255,255,255,255,255,255,255,255,255,255,255,255,255,255,255,255,255,255,255,255,255,255,255,255,255,255,255,255,255,255,255,255,255,255,255,255,255,255,255,255,255,2
117,95,101,98,102,114,113,114,116,110,110,92,100,118,114,111,114,116,125,115,121,128,119,113,147,116,105,103,115,125,115,97,165,141,126,111,106,111,114,106,163,157,147,131,123,115,116,118,168,159,148,137,131,121,126,132,158,148,145,143,135,130,138,133,2
136,224,219,255,138,79,81,81,94,182,217,244,199,104,74,70,76,120,174,244,210,80,84,86,71,90,130,191,128,84,83,80,73,76,79,81,76,87,82,81,75,74,73,74,112,69,73,66,72,72,73,73,82,66,72,74,64,64,69,68,70,72,66,71,0
33,42,48,52,55,50,46,48,24,29,37,43,44,43,44,44,25,23,29,34,32,36,43,43,41,38,39,39,34,33,36,37,39,41,41,42,43,39,38,42,52,54,51,50,51,46,44,50,55,53,52,53,53,51,53,58,63,60,64,68,63,60,62,61,1
49,80,76,53,60,59,56,64,53,51,55,58,52,55,59,59,52,50,52,57,49,53,57,57,39,51,51,46,46,50,50,53,41,45,48,45,47,49,51,49,43,43,47,46,50,50,53,48,32,37,39,40,45,47,48,49,40,37,37,46,44,45,45,49,0
32,40,54,59,73,67,80,97,29,34,43,45,40,56,92,101,31,20,34,32,37,46,67,69,21,27,26,32,36,58,47,62,107,99,97,93,121,122,162,77,85,65,68,87,87,62,75,103,72,45,56,48,49,61,86,112,67,67,40,45,71,77,76,94,1
209,92,70,198,247,251,197,175,255,136,76,100,252,235,129,141,231,241,100,64,184,130,103,91,42,131,99,76,88,162,99,90,43,35,58,77,68,160,120,93,43,37,32,78,80,81,164,120,37,31,39,49,80,71,151,79,35,35,32,32,76,75,62,143,1
211,122,112,121,119,120,135,124,223,137,99,127,107,80,112,126,236,138,103,109,121,84,54,91,228,99,96,96,125,102,55,71,243,111,109,111,101,73,60,91,255,187,123,103,85,71,63,78,254,218,113,94,100,87,80,63,253,246,171,84,89,88,71,65,0
59,75,81,84,82,77,74,68,57,66,79,87,83,77,74,69,55,58,77,90,85,79,74,70,53,51,69,82,84,82,76,76,48,48,58,68,79,84,80,83,45,49,56,65,78,84,81,82,46,51,57,65,73,79,83,82,49,50,53,60,61,70,87,88,2
57,60,111,149,196,201,208,216,57,104,167,203,210,219,235,246,91,152,188,200,198,217,232,249,136,166,180,189,193,207,224,127,143,169,173,185,190,174,102,93,148,166,166,169,131,98,98,111,149,164,137,102,90,113,104,94,198,125,95,114,108,99,91,90,1
17,11,6,5,5,5,6,8,11,9,6,4,5,7,9,10,5,7,6,4,5,9,12,11,5,9,9,5,6,11,13,10,9,12,12,9,10,14,15,12,12,14,14,12,13,16,17,16,12,13,14,14,15,17,19,21,13,13,14,16,17,17,21,26,2
217,211,202,191,177,159,137,120,212,208,205,201,194,184,169,156,205,203,201,200,198,194,186,177,209,206,203,200,197,196,192,186,205,202,200,197,194,194,191,187,205,203,202,200,197,195,192,187,205,203,202,200,196,194,190,184,205,203,201,199,196,195,192,187,2
217,202,135,157,43,42,48,80,242,242,243,218,175,172,77,71,249,251,251,249,246,236,183,169,239,252,246,248,255,253,251,249,65,118,203,238,246,251,249,252,44,49,66,86,112,187,234,242,47,51,50,65,65,81,79,85,68,56,57,62,70,79,83,59,1
40,37,36,34,29,19,29,37,42,38,35,31,30,23,30,42,32,39,27,27,22,26,36,54,33,26,33,24,20,36,97,154,30,27,27,27,32,121,157,173,25,21,20,33,108,148,179,185,26,18,27,100,131,154,177,186,28,32,76,115,151,164,182,191,1
152,152,151,148,147,146,145,144,155,155,154,151,149,148,146,145,158,158,157,155,153,152,150,148,161,161,160,158,156,155,153,152,165,164,162,160,158,157,156,155,170,169,166,163,161,160,158,157,174,173,170,167,165,164,162,160,176,175,172,170,168,167,164,162,2
37,39,48,75,148,137,119,98,118,94,78,157,188,182,180,104,173,164,160,155,143,136,215,111,156,169,166,155,151,160,192,127,202,207,212,229,223,208,153,180,235,236,237,224,223,226,191,226,83,148,231,240,238,246,198,236,62,63,56,113,230,199,199,241,1
33,40,43,36,47,58,47,46,39,36,37,44,52,45,44,41,36,34,35,41,40,41,37,25,40,37,21,16,15,20,14,62,37,19,14,22,16,16,22,86,24,18,14,15,21,23,56,100,17,15,21,24,21,28,88,103,26,29,28,28,36,57,106,98,1
255,255,255,255,255,255,255,255,255,255,255,255,255,255,255,255,255,255,255,255,255,255,255,255,255,255,255,255,255,255,255,255,255,255,255,255,255,255,255,255,255,255,255,255,255,255,255,255,255,255,255,255,255,255,255,255,255,255,255,255,255,255,255,255,2
64,62,54,44,33,29,32,32,47,40,32,29,29,31,34,31,30,28,27,31,32,32,33,31,25,28,33,39,35,30,31,30,28,28,29,33,31,28,30,30,29,28,27,29,29,28,31,30,28,30,31,33,31,29,33,32,29,31,31,32,31,31,34,32,0
170,102,58,53,56,54,55,47,96,56,53,50,47,53,47,50,54,51,56,58,48,46,46,44,51,48,50,47,48,47,38,49,49,48,47,42,43,45,38,34,61,52,39,37,40,32,37,38,234,96,48,39,32,33,36,34,251,251,227,113,63,93,113,97,1
255,255,255,255,255,255,255,255,255,255,255,255,255,255,255,255,255,255,255,255,255,255,255,255,255,255,255,255,255,255,255,255,255,255,255,255,255,255,255,255,255,255,255,255,255,255,255,255,255,255,255,255,255,255,255,255,255,255,255,255,255,255,255,255,0
134,132,129,128,127,126,124,123,136,134,131,129,128,127,125,123,139,138,136,134,133,131,129,128,141,140,139,137,136,134,133,132,146,145,144,143,141,140,138,137,153,152,151,149,148,147,145,144,159,158,156,154,154,153,151,150,166,164,162,161,161,161,160,159,2
255,255,255,255,255,255,255,255,255,255,255,255,255,255,255,255,255,255,255,255,255,255,255,255,255,255,255,255,255,255,255,255,255,255,255,255,255,255,255,255,255,255,255,255,255,255,255,255,255,255,255,255,255,255,255,255,255,255,255,255,255,255,255,255,0
157,175,191,207,203,204,202,193,168,194,211,216,201,191,192,198,184,210,225,226,215,207,214,230,204,212,216,217,217,217,220,227,200,193,193,201,213,221,216,204,200,188,193,204,219,224,211,191,197,184,188,201,220,221,208,197,195,178,175,186,209,208,198,197,2
255,255,255,255,255,255,255,255,255,255,255,255,255,255,255,255,255,255,255,255,255,255,255,255,255,255,255,255,255,255,255,255,255,255,255,255,255,255,255,255,255,255,255,255,255,255,255,255,255,255,255,255,255,255,255,255,255,255,255,255,255,255,255,255,2
255,255,255,255,255,255,255,255,255,255,255,255,255,255,255,255,255,255,255,255,255,255,255,255,255,255,255,255,255,255,255,255,255,255,255,255,255,255,255,255,255,255,255,255,255,255,255,255,255,255,255,255,255,255,255,255,255,255,255,255,255,255,255,255,0
255,249,254,255,252,255,255,253,253,255,247,255,255,253,255,255,238,253,252,255,255,253,253,252,183,230,253,252,255,255,255,253,124,193,245,252,255,252,255,255,114,146,231,255,253,253,252,254,130,113,184,244,251,255,255,255,140,113,127,218,255,252,255,252,2
255,255,255,255,255,255,255,255,255,255,255,255,255,255,255,255,255,255,255,255,255,255,255,255,255,255,255,255,255,255,255,255,255,255,255,255,255,255,255,255,255,255,255,255,255,255,255,255,255,255,255,255,255,255,255,255,255,255,255,255,255,255,255,255,2
108,97,101,115,119,109,120,132,112,105,103,112,121,118,126,137,111,109,101,108,120,125,127,133,112,112,105,113,122,133,133,131,121,115,111,120,124,137,141,134,132,122,118,122,124,136,144,136,137,129,126,127,132,142,150,142,129,129,128,129,141,150,155,147,2
119,79,56,48,33,26,32,50,222,140,88,66,54,40,27,39,242,219,170,104,84,63,36,35,233,237,238,214,117,82,60,39,236,225,245,248,246,142,98,69,225,230,235,245,253,249,173,104,213,234,229,241,252,255,248,199,211,208,239,228,243,249,242,231,1
255,255,255,255,255,255,255,255,255,255,255,255,255,255,255,255,255,255,255,255,255,255,255,255,255,255,255,255,255,255,255,255,255,255,255,255,255,255,255,255,255,255,255,255,255,255,255,255,255,255,255,255,255,255,255,255,255,255,255,255,255,255,255,255,2
108,96,100,118,125,89,104,125,101,98,109,105,100,67,97,118,132,134,130,108,95,84,104,86,151,147,132,118,106,106,109,143,154,144,141,115,101,141,119,129,165,153,81,90,92,101,144,141,112,70,69,93,97,99,101,126,63,79,86,88,88,99,108,127,0
111,120,115,104,91,92,108,114,100,94,86,86,85,80,92,102,116,105,80,64,78,89,104,114,75,98,107,92,92,88,102,122,28,32,73,108,124,105,96,98,61,31,36,47,72,106,113,90,71,43,38,32,33,58,87,110,83,56,36,28,35,39,43,79,2
255,255,255,255,255,255,255,255,255,255,255,255,255,255,255,255,255,255,255,255,255,255,255,255,255,255,255,255,255,255,255,255,255,255,255,255,255,255,255,255,255,255,255,255,255,255,255,255,255,255,255,255,255,255,255,255,255,255,255,255,255,255,255,255,2
102,96,91,86,78,78,75,72,111,99,88,86,85,83,77,68,252,153,85,93,89,80,81,79,220,250,251,193,89,93,89,74,69,114,245,119,100,100,83,85,26,29,47,165,150,219,202,118,29,27,28,32,132,248,253,252,26,24,24,24,27,47,212,253,1
63,57,55,49,47,37,38,32,61,63,46,47,41,42,29,33,57,55,48,45,40,28,35,30,61,48,48,37,36,31,34,29,98,40,46,41,39,35,30,30,88,48,36,36,39,30,36,33,85,102,43,34,35,37,30,28,114,92,39,33,32,32,28,26,1
247,248,248,247,247,247,246,246,248,248,248,248,248,248,248,247,249,249,249,249,249,249,249,249,249,249,249,249,249,249,249,249,250,250,250,250,250,250,250,250,251,251,251,251,251,251,251,251,252,252,252,252,252,252,252,252,252,252,252,252,252,252,252,252,2
152,147,142,136,130,125,119,113,155,150,146,141,136,131,125,119,158,154,150,147,142,137,132,126,162,157,153,150,146,141,137,131,165,160,156,153,149,145,141,137,168,163,159,156,153,150,147,142,172,168,164,162,158,156,153,149,177,172,169,167,164,161,158,153,2
15,14,15,23,49,51,60,117,28,24,22,38,59,131,170,120,35,35,81,114,169,146,68,51,48,116,177,150,86,55,55,42,169,171,107,55,58,53,56,56,139,60,60,55,55,57,55,54,58,59,56,56,56,64,56,51,58,55,56,52,53,52,53,55,1
52,56,60,59,62,65,64,71,54,60,64,63,69,71,65,68,48,61,66,64,70,73,69,71,46,67,75,70,71,73,75,83,52,74,82,75,71,71,75,83,58,73,79,77,74,71,72,72,63,70,74,80,81,78,75,66,65,66,70,81,83,80,76,63,1
135,145,151,153,151,152,141,107,127,146,141,142,151,144,131,113,128,140,136,137,149,149,130,112,128,139,138,130,124,142,157,131,121,131,127,129,109,111,166,188,113,115,119,128,117,93,118,180,103,108,117,115,117,103,84,110,98,101,102,112,118,114,105,89,2
145,153,157,198,194,197,226,213,144,151,163,164,182,194,203,197,139,160,160,160,178,191,201,194,135,149,165,173,173,183,192,196,133,136,163,173,167,171,190,206,126,136,161,173,167,170,176,191,122,126,151,151,149,178,178,198,130,140,159,158,161,173,191,185,1
230,237,245,251,247,242,236,219,218,230,241,249,246,240,231,211,197,212,228,239,238,231,216,193,180,191,206,217,218,212,196,178,172,175,183,190,193,190,181,174,165,164,169,173,174,172,169,172,161,162,165,163,160,160,161,170,164,165,165,156,150,152,159,173,2
60,63,59,56,58,58,71,73,65,63,60,59,60,61,73,69,58,57,59,60,60,63,72,63,53,56,60,58,58,60,68,62,53,59,57,50,53,54,57,58,50,57,55,49,56,54,51,51,49,54,57,55,61,58,54,53,49,51,58,55,55,54,56,56,0
243,242,237,233,225,215,198,175,244,245,243,240,234,224,208,185,247,248,248,246,239,230,215,194,250,251,250,247,240,232,220,202,249,251,250,249,242,236,226,211,248,250,250,250,244,237,229,215,249,249,250,249,244,240,234,222,249,249,249,249,246,244,242,232,2
255,255,255,255,255,255,255,255,255,255,255,255,255,255,255,255,255,255,255,255,255,255,255,255,255,255,255,255,255,255,255,255,255,255,255,255,255,255,255,255,255,255,255,255,255,255,255,255,255,255,255,255,255,255,255,255,255,255,255,255,255,255,255,255,2
195,186,159,149,156,160,167,168,176,166,164,172,172,163,155,157,172,208,205,199,211,209,169,141,201,226,216,214,208,206,186,151,175,205,214,214,193,195,190,158,158,162,189,198,178,188,190,170,158,160,169,173,182,191,179,178,162,159,160,164,172,174,171,169,2
255,255,255,255,255,255,255,255,255,255,255,255,255,255,255,255,255,255,255,255,255,255,255,255,255,255,255,255,255,255,255,255,255,255,255,255,255,255,255,255,255,255,255,255,255,255,255,255,255,255,255,255,255,255,255,255,255,255,255,255,255,255,255,255,0
220,211,196,185,192,213,195,189,210,206,192,187,197,207,186,220,216,217,194,191,185,179,203,173,227,210,199,166,149,212,212,207,227,213,180,149,210,219,194,178,223,186,146,204,212,210,207,191,195,177,181,206,206,208,209,189,202,192,194,201,211,195,193,187,1
13,18,19,17,17,20,22,24,17,20,19,18,19,21,23,25,20,20,18,18,21,23,24,26,20,20,18,19,23,24,25,28,19,20,20,21,24,25,27,30,19,21,21,21,23,25,28,33,20,23,23,22,24,28,33,37,22,26,26,24,27,33,38,43,2
214,219,215,210,213,207,204,202,214,216,212,209,214,212,209,203,215,218,217,210,209,206,210,207,212,212,212,209,210,207,206,196,209,208,206,205,209,209,210,202,202,203,202,201,204,203,208,207,204,204,203,206,213,206,202,198,203,204,199,196,198,190,191,195,1
255,254,255,254,255,255,255,255,253,253,255,255,254,255,255,255,254,255,255,255,255,255,254,255,250,255,253,252,255,255,255,255,232,255,252,251,254,255,254,255,206,254,254,254,255,253,254,255,186,254,254,254,255,252,254,254,177,254,251,250,255,252,253,250,0
255,255,255,255,255,255,255,255,255,255,255,255,255,255,255,255,255,255,255,255,255,255,255,255,255,255,255,255,255,255,255,255,255,255,255,255,255,255,255,255,255,255,255,255,255,255,255,255,255,255,255,255,255,255,255,255,255,255,255,255,255,255,255,255,2
255,255,255,255,255,255,255,255,255,255,255,255,255,255,255,255,255,255,255,255,255,255,255,255,255,255,255,255,255,255,255,255,255,255,255,255,255,255,255,255,255,255,255,255,255,255,255,255,255,255,255,255,255,255,255,255,255,255,255,255,255,255,255,255,0
255,255,255,255,255,255,255,255,255,255,255,255,255,255,255,255,255,255,255,255,255,255,255,255,255,255,255,255,255,255,255,255,255,255,255,255,255,255,255,255,255,255,255,255,255,255,255,255,255,255,255,255,255,255,255,255,255,255,255,255,255,255,255,255,0
106,110,123,120,107,118,116,134,92,110,112,114,119,110,117,116,75,105,108,107,104,115,98,104,70,95,100,105,95,90,83,98,58,82,102,97,92,97,94,98,57,69,92,103,111,111,113,108,62,61,96,88,112,115,113,106,54,61,68,86,98,96,105,106,1
93,66,51,38,39,36,39,33,90,54,56,46,36,35,39,38,89,49,50,50,45,42,38,32,60,50,47,51,54,42,39,38,41,50,48,47,53,44,39,41,47,47,47,42,48,54,44,38,44,43,45,42,43,52,51,47,40,45,39,42,42,44,50,47,1
125,136,150,150,132,73,55,47,121,123,131,138,115,68,53,45,100,107,120,130,96,62,51,43,81,87,92,94,64,48,45,37,67,63,54,51,44,41,39,29,58,52,43,42,40,33,29,24,49,45,38,35,25,19,20,23,26,23,20,22,17,22,26,25,1
255,255,255,255,255,255,255,255,255,255,255,255,255,255,255,255,255,255,255,255,255,255,255,255,255,255,255,255,255,255,255,255,255,255,255,255,255,255,255,255,255,255,255,255,255,255,255,255,255,255,255,255,255,255,255,255,255,255,255,255,255,255,255,255,2
255,255,255,255,255,255,255,255,255,255,255,255,255,255,255,255,255,255,255,255,255,255,255,255,255,255,255,255,255,255,255,255,255,255,255,255,255,255,255,255,255,255,255,255,255,255,255,255,255,255,255,255,255,255,255,255,255,255,255,255,255,255,255,255,0
69,68,71,72,72,103,125,210,68,60,61,66,72,93,126,223,54,59,62,68,61,70,132,217,46,50,50,48,51,61,122,218,18,35,43,49,46,51,120,214,21,20,23,32,40,49,122,218,27,14,22,16,28,43,118,219,24,24,22,23,24,77,224,250,1
255,255,255,255,255,255,255,255,255,255,255,255,255,255,255,255,255,255,255,255,255,255,255,255,255,255,255,255,255,255,255,255,255,255,255,255,255,255,255,255,255,255,255,255,255,255,255,255,255,255,255,255,255,255,255,255,255,255,255,255,255,255,255,255,2
255,255,255,255,255,255,255,255,255,255,255,255,255,255,255,255,255,255,255,255,255,255,255,255,255,255,255,255,255,255,255,255,255,255,255,255,255,255,255,255,255,255,255,255,255,255,255,255,255,255,255,255,255,255,255,255,255,255,255,255,255,255,255,255,0
255,255,255,255,255,255,255,255,255,255,255,255,255,255,255,255,255,255,255,255,255,255,255,255,255,255,255,255,255,255,255,255,255,255,255,255,255,255,255,255,255,255,255,255,255,255,255,255,255,255,255,255,255,255,255,255,255,255,255,255,255,255,255,255,2
255,255,255,255,255,255,255,255,255,255,255,255,255,255,255,255,255,255,255,255,255,255,255,255,255,255,255,255,255,255,255,255,255,255,255,255,255,255,255,255,255,255,255,255,255,255,255,255,255,255,255,255,255,255,255,255,255,255,255,255,255,255,255,255,2
131,132,127,126,128,96,75,72,143,135,145,139,131,77,74,77,151,146,165,160,102,74,77,80,159,165,166,157,79,76,81,149,180,186,191,151,87,80,76,147,185,175,168,105,85,86,121,193,203,203,191,108,84,94,173,204,208,217,179,94,94,93,187,213,1
133,133,127,119,129,147,150,147,124,128,127,118,120,135,148,158,124,125,125,120,122,135,152,169,120,119,118,118,125,138,151,165,110,109,110,114,124,135,144,153,98,97,101,111,126,138,141,144,84,82,90,110,134,146,142,141,74,74,88,116,143,154,148,145,2
163,70,60,79,83,77,71,84,174,120,49,72,96,73,72,88,169,156,60,68,103,74,76,77,164,169,99,55,84,77,80,73,161,173,144,61,61,77,76,75,157,164,167,101,57,74,75,71,156,156,166,141,74,71,78,70,152,159,162,163,104,74,74,69,2
255,255,255,255,255,255,255,255,255,255,255,255,255,255,255,255,255,255,255,255,255,255,255,255,255,255,255,255,255,255,255,255,255,255,255,255,255,255,255,255,255,255,255,255,255,255,255,255,255,255,255,255,255,255,255,255,255,255,255,255,255,255,255,255,0
7,23,37,38,58,50,63,52,0,18,26,42,42,46,51,44,4,24,35,33,42,42,47,40,2,23,47,33,70,60,55,49,2,20,42,42,68,72,53,58,8,31,48,51,43,63,50,57,4,33,54,59,46,55,56,57,1,21,33,52,55,46,53,58,2
104,118,134,207,213,228,233,52,88,83,113,128,201,210,213,67,135,80,91,111,127,200,197,48,145,90,80,105,113,135,213,217,148,120,94,103,111,121,137,211,218,149,112,101,113,107,121,129,185,134,107,106,111,111,117,123,97,98,99,97,108,116,119,116,1
33,31,43,33,35,33,25,32,25,30,30,32,28,26,34,28,34,36,28,31,30,32,31,37,34,33,32,33,29,33,35,44,37,35,36,33,33,43,43,41,47,39,36,34,42,52,46,48,176,55,34,39,49,85,55,47,131,173,96,44,65,88,68,49,1
255,255,255,255,255,255,255,255,255,255,255,255,255,255,255,255,255,255,255,255,255,255,255,255,255,255,255,255,255,255,255,255,255,255,255,255,255,255,255,255,255,255,255,255,255,255,255,255,255,255,255,255,255,255,255,255,255,255,255,255,255,255,255,255,2
133,125,114,131,111,81,81,72,123,124,119,129,127,88,86,79,120,123,117,109,110,101,125,124,122,123,118,120,112,109,124,129,133,128,108,110,117,123,113,110,131,132,129,130,142,163,163,158,136,135,159,173,167,166,170,178,134,136,168,209,220,206,168,155,2
227,209,189,75,49,45,44,41,219,205,210,86,51,42,39,47,223,205,208,106,60,45,47,39,219,223,212,140,68,47,45,48,219,217,222,194,75,62,47,42,218,217,215,211,81,63,48,43,215,219,226,223,104,64,51,41,162,147,149,140,97,75,45,44,1
255,255,255,255,255,255,255,255,255,255,255,255,255,255,255,255,255,255,255,255,255,255,255,255,255,255,255,255,255,255,255,255,255,255,255,255,255,255,255,255,255,255,255,255,255,255,255,255,255,255,255,255,255,255,255,255,255,255,255,255,255,255,255,255,2
149,191,225,216,55,20,22,21,218,227,232,222,87,24,19,21,230,230,238,224,120,22,21,19,230,228,233,235,123,22,18,20,232,221,219,221,85,21,23,15,207,215,208,200,54,21,14,23,205,202,197,163,30,21,22,35,192,201,173,41,27,21,33,45,1
254,254,192,100,91,117,100,93,254,235,117,101,133,139,108,121,247,166,87,133,134,126,108,132,216,105,110,141,130,140,116,99,213,101,112,130,119,111,149,119,228,104,122,111,100,99,137,126,223,140,148,105,103,119,132,123,218,130,130,119,123,121,131,130,0
143,156,154,173,178,187,178,126,133,136,157,162,161,166,138,94,130,126,130,135,141,128,96,113,105,120,116,120,113,98,80,205,96,97,106,109,95,86,113,253,91,91,98,89,88,92,220,255,93,90,89,90,86,111,252,251,88,87,84,86,91,214,243,242,1
27,32,31,44,50,38,28,36,30,32,26,34,48,33,35,64,32,36,37,27,31,34,39,235,34,32,31,32,30,35,212,246,26,29,30,26,42,195,250,239,24,27,27,31,153,245,247,234,24,26,32,63,246,243,234,243,25,41,61,240,241,235,239,238,1
255,255,255,255,255,255,255,255,255,255,255,255,255,255,255,255,255,255,255,255,255,255,255,255,255,255,255,255,255,255,255,255,255,255,255,255,255,255,255,255,255,255,255,255,255,255,255,255,255,255,255,255,255,255,255,255,255,255,255,255,255,255,255,255,2
34,23,20,19,17,11,11,16,47,28,22,16,18,12,18,14,72,35,25,18,20,16,11,16,82,40,26,17,13,24,25,46,112,51,33,23,18,25,65,117,144,52,26,22,21,100,133,162,162,60,38,25,78,131,143,163,183,61,30,70,116,149,153,121,1
255,255,255,255,255,255,255,255,255,255,255,255,255,255,255,255,255,255,255,255,255,255,255,255,255,255,255,255,255,255,255,255,255,255,255,255,255,255,255,255,255,255,255,255,255,255,255,255,255,255,255,255,255,255,255,255,255,255,255,255,255,255,255,255,2
16,34,30,28,29,24,21,18,23,14,32,36,32,27,28,21,27,22,20,33,36,31,33,29,35,24,25,32,37,38,30,26,44,24,25,22,41,36,40,32,164,36,20,23,26,36,35,35,158,59,26,25,21,45,43,38,157,80,34,20,24,41,42,42,1
255,255,255,255,255,255,255,255,255,255,255,255,255,255,255,255,255,255,255,255,255,255,255,255,255,255,255,255,255,255,255,255,255,255,255,255,255,255,255,255,255,255,255,255,255,255,255,255,255,255,255,255,255,255,255,255,255,255,255,255,255,255,255,255,2
255,255,255,255,255,255,255,255,255,255,255,255,255,255,255,255,255,255,255,255,255,255,255,255,255,255,255,255,255,255,255,255,255,255,255,255,255,255,255,255,255,255,255,255,255,255,255,255,255,255,255,255,255,255,255,255,255,255,255,255,255,255,255,255,0
59,49,33,40,39,37,35,30,63,56,36,40,41,40,35,33,63,62,46,43,40,39,36,32,75,69,52,36,33,33,35,26,72,74,62,39,35,33,36,33,81,86,76,59,35,31,25,24,98,99,103,111,34,33,25,22,112,129,171,195,39,22,20,21,1
51,47,49,43,40,40,34,46,42,44,49,44,45,43,36,38,58,49,45,42,47,40,38,40,66,53,46,46,51,38,42,44,54,49,46,43,46,37,46,46,51,42,39,42,45,37,40,37,52,40,38,47,49,40,35,30,53,45,43,44,41,41,43,42,2
50,45,43,42,41,43,44,43,39,38,40,42,43,44,45,44,36,35,35,35,35,38,42,43,27,27,30,33,33,34,36,36,18,18,22,26,28,32,35,34,18,16,16,18,21,26,30,31,18,16,18,20,20,22,23,22,21,18,18,18,18,21,25,26,1
185,189,180,172,167,159,157,159,182,189,186,181,177,169,162,155,178,184,183,179,172,166,163,158,180,178,176,174,171,173,182,190,202,195,193,194,196,204,213,221,214,216,222,224,224,224,223,228,197,203,219,230,230,219,214,226,181,181,197,218,223,207,202,224,2
255,255,255,255,255,255,255,255,255,255,255,255,255,255,255,255,255,255,255,255,255,255,255,255,255,255,255,255,255,255,255,255,255,255,255,255,255,255,255,255,255,255,255,255,255,255,255,255,253,253,254,254,254,254,255,255,253,253,254,254,254,255,255,255,0
28,29,22,28,25,18,26,25,30,33,31,26,27,28,23,23,40,37,39,42,41,31,25,23,37,48,46,64,75,44,40,36,48,47,51,83,101,73,70,42,49,51,53,55,61,72,86,67,51,55,53,59,67,76,105,176,55,56,62,86,82,91,106,166,1
255,255,255,255,255,255,255,255,255,255,255,255,255,255,255,255,255,255,255,255,255,255,255,255,255,255,255,255,255,255,255,255,255,255,255,255,255,255,255,255,255,255,255,255,255,255,255,255,255,255,255,255,255,255,255,255,255,255,255,255,255,255,255,255,0
255,255,255,255,255,255,255,255,255,255,255,255,255,255,255,255,255,255,255,255,255,255,255,255,255,255,255,255,255,255,255,255,255,255,255,255,255,255,255,255,255,255,255,255,255,255,255,255,255,255,255,255,255,255,255,255,255,255,255,255,255,255,255,255,2
83,72,73,94,151,69,66,51,71,82,70,74,95,130,140,53,101,77,79,70,77,92,118,183,74,78,80,66,73,86,92,105,40,90,72,80,63,84,81,90,33,72,84,70,83,65,71,83,51,49,96,69,82,83,59,81,66,38,84,79,76,81,81,62,1
137,141,146,144,122,100,81,85,140,141,142,141,129,116,99,98,143,143,143,141,134,126,109,101,148,147,147,143,135,125,111,101,155,150,146,143,135,125,117,108,156,146,142,142,138,127,120,108,155,144,140,141,140,129,121,105,158,148,142,141,139,130,125,109,2
220,226,213,206,215,222,210,211,224,218,215,214,215,215,222,233,225,222,224,222,223,223,232,236,223,225,223,221,231,231,225,215,230,227,222,232,237,235,220,203,230,224,226,239,230,228,217,188,229,228,232,236,226,227,219,180,228,228,225,223,224,225,216,179,2
255,255,255,255,255,255,255,255,255,255,255,255,255,255,255,255,255,255,255,255,255,255,255,255,255,255,255,255,255,255,255,255,255,255,255,255,255,255,255,255,255,255,255,255,255,255,255,255,255,255,255,255,255,255,255,255,255,255,255,255,255,255,255,255,2
255,255,255,255,255,255,255,255,255,255,255,255,255,255,255,255,255,255,255,255,255,255,255,255,255,255,255,255,255,255,255,255,255,255,255,255,255,255,255,255,255,255,255,255,255,255,255,255,255,255,255,255,255,255,255,255,255,255,255,255,255,255,255,255,2
255,255,255,255,255,255,255,255,255,255,255,255,255,255,255,255,255,255,255,255,255,255,255,255,255,255,255,255,255,255,255,255,255,255,255,255,255,255,255,255,255,255,255,255,255,255,255,255,255,255,255,255,255,255,255,255,255,255,255,255,255,255,255,255,2
255,255,255,255,255,255,255,255,255,255,255,255,255,255,255,255,255,255,255,255,255,255,255,255,255,255,255,255,255,255,255,255,255,255,255,255,255,255,255,255,255,255,255,255,255,255,255,255,255,255,255,255,255,255,255,255,255,255,255,255,255,255,255,255,2
182,190,108,209,172,175,148,148,212,202,166,109,183,175,179,178,220,219,206,96,187,191,188,182,139,156,224,132,111,206,199,197,184,186,131,138,80,217,216,203,192,187,180,170,88,104,224,226,206,207,190,189,112,67,185,173,222,221,207,207,152,88,91,195,1
255,255,255,255,255,255,255,255,255,255,255,255,255,255,255,255,255,255,255,255,255,255,255,255,255,255,255,255,255,255,255,255,255,255,255,255,255,255,255,255,255,255,255,255,255,255,255,255,255,255,255,255,255,255,255,255,255,255,255,255,255,255,255,255,0
24,28,36,38,53,50,46,38,26,24,35,40,49,47,49,42,28,24,35,39,39,38,46,42,29,29,38,37,32,33,44,43,32,35,39,35,34,39,46,44,36,39,39,35,35,42,44,37,40,40,43,41,34,38,40,31,42,41,51,50,34,36,42,34,2
100,102,96,97,106,112,107,116,79,101,89,90,98,99,97,95,83,93,99,75,91,85,95,84,90,79,84,84,86,92,99,95,94,83,84,97,94,85,98,102,89,87,79,76,83,90,94,115,97,99,111,79,87,86,110,167,85,75,74,85,87,86,109,185,0
170,144,128,142,133,111,110,152,205,206,177,194,178,157,146,136,208,184,190,184,179,165,146,143,202,187,196,177,175,148,136,140,191,214,182,179,168,156,147,145,239,211,183,173,169,153,174,158,252,233,176,164,167,151,149,153,253,251,215,162,158,162,144,126,1
177,176,116,31,24,22,40,50,145,120,92,21,19,19,31,50,146,133,38,25,17,21,30,45,138,74,28,23,18,18,40,36,46,27,25,23,19,14,36,40,31,29,26,19,19,18,28,31,31,28,19,25,15,12,31,54,27,26,23,19,16,13,23,30,1
255,255,255,255,255,255,255,255,255,255,255,255,255,255,255,255,255,255,255,255,255,255,255,255,255,255,255,255,255,255,255,255,255,255,255,255,255,255,255,255,255,255,255,255,255,255,255,255,255,255,255,255,255,255,255,255,255,255,255,255,255,255,255,255,0
111,104,108,116,124,127,127,140,101,115,109,106,113,113,118,126,93,108,107,99,98,105,115,114,100,101,105,98,94,100,101,101,102,103,102,96,99,97,89,94,100,104,100,100,99,94,95,92,106,104,102,103,95,93,98,89,108,103,102,97,96,97,91,93,1
255,255,255,255,255,255,255,255,255,255,255,255,255,255,255,255,255,255,255,255,255,255,255,255,255,255,255,255,255,255,255,255,255,255,255,255,255,255,255,255,255,255,255,255,255,255,255,255,255,255,255,255,255,255,255,255,255,255,255,255,255,255,255,255,2
198,199,199,198,196,194,194,194,201,201,201,200,199,197,196,196,205,204,203,203,202,200,199,198,208,207,206,205,204,204,202,201,211,210,209,208,208,207,205,204,214,212,211,210,210,209,208,206,216,215,213,212,212,211,210,209,218,217,216,215,214,213,212,212,2
17,21,22,43,50,51,55,58,22,19,19,26,30,38,41,48,18,16,26,27,26,35,28,31,19,18,31,31,29,35,28,29,20,19,29,32,31,33,33,33,21,21,30,37,36,34,38,35,27,24,32,36,36,36,42,39,24,22,35,37,37,38,42,37,1
83,95,80,21,19,19,14,15,73,51,30,20,22,17,19,20,26,22,13,17,13,11,18,30,14,18,18,18,16,21,17,30,18,17,18,16,17,29,26,21,28,45,48,50,49,44,44,35,58,72,73,79,77,67,60,50,108,136,170,185,180,182,146,90,1
255,255,255,255,255,255,255,255,255,255,255,255,255,255,255,255,255,255,255,255,255,255,255,255,255,255,255,255,255,255,255,255,255,255,255,255,255,255,255,255,255,255,255,255,255,255,255,255,255,255,255,255,255,255,255,255,255,255,255,255,255,255,255,255,0
114,92,72,92,153,220,255,255,139,119,103,78,58,133,240,254,166,151,126,112,75,64,150,246,178,177,168,132,108,78,79,156,195,195,183,153,128,101,78,87,206,212,194,179,157,127,110,96,221,211,214,197,177,161,132,120,222,223,217,212,205,187,155,122,2
55,63,59,67,64,66,80,77,53,66,65,65,68,67,72,78,49,63,71,72,76,74,69,72,49,56,62,70,69,76,76,74,44,57,61,76,71,77,76,71,33,54,54,65,67,76,80,88,27,47,56,59,63,67,67,73,28,35,56,56,60,67,72,72,1
49,45,96,79,158,168,158,142,50,59,162,123,170,161,172,154,60,122,190,193,183,194,177,177,59,167,170,167,179,208,221,226,67,82,86,93,80,88,98,131,79,92,110,132,161,168,110,90,89,196,216,223,205,215,207,196,204,220,209,217,208,209,187,203,1
233,224,225,237,127,67,76,73,229,236,236,228,78,72,77,88,233,238,255,184,54,66,88,98,231,232,254,136,61,71,84,90,225,239,232,96,61,66,71,95,232,249,209,73,63,63,69,100,236,237,171,72,71,80,72,89,227,214,149,67,65,72,79,95,2
167,167,169,170,165,162,173,192,142,140,139,140,142,146,163,183,141,140,140,145,153,162,175,189,141,142,144,150,160,168,173,179,139,139,139,144,153,160,163,164,128,129,129,132,140,147,149,149,116,119,121,125,132,137,138,139,114,118,121,125,130,133,135,138,2
60,57,65,59,54,50,47,36,49,52,49,50,54,42,34,42,56,55,53,51,42,35,36,80,45,52,49,42,40,39,74,129,41,42,40,42,37,61,125,161,21,27,33,46,55,128,176,156,21,16,55,48,150,160,148,154,21,48,58,140,158,152,180,162,1
148,93,64,52,70,111,99,102,112,66,60,64,69,94,108,91,83,57,64,61,69,102,102,106,70,54,58,77,114,116,103,110,56,62,57,77,129,117,109,135,61,51,60,138,124,117,112,178,60,61,76,153,118,119,112,194,66,61,135,138,123,113,113,205,1
40,41,59,51,76,117,150,178,48,43,49,76,147,175,200,217,38,42,57,96,161,174,197,220,38,42,70,105,142,170,189,213,41,44,71,94,121,164,183,202,41,59,79,85,106,135,164,191,38,66,79,80,95,117,146,179,40,67,77,78,81,109,128,162,1
255,255,255,255,255,255,255,255,255,255,255,255,255,255,255,255,255,255,255,255,255,255,255,255,255,255,255,255,255,255,255,255,255,255,255,255,255,255,255,255,255,255,255,255,255,255,255,255,255,255,255,255,255,255,255,255,255,255,255,255,255,255,255,255,2
26,25,29,23,24,22,25,27,29,28,35,33,31,22,16,13,30,22,19,15,14,12,12,15,26,21,20,17,17,15,12,12,27,23,19,14,13,18,16,17,26,25,22,20,20,28,26,25,33,28,22,22,23,33,30,30,36,29,23,26,29,39,36,37,1
255,255,255,255,255,255,255,255,255,255,255,255,255,255,255,255,255,255,255,255,255,255,255,255,255,255,255,255,255,255,255,255,255,255,255,255,255,255,255,255,255,255,255,255,255,255,255,255,255,255,255,255,255,255,255,255,255,255,255,255,255,255,255,255,2
236,227,205,123,128,131,252,255,251,247,228,139,130,122,134,253,252,252,241,141,115,114,106,127,255,253,255,163,118,101,99,102,199,238,253,241,124,99,93,95,235,226,224,252,140,110,107,95,228,238,226,204,253,128,110,109,252,254,225,233,202,129,131,111,1
65,69,127,224,234,220,218,219,63,66,198,221,223,215,211,199,65,98,230,229,228,222,214,207,65,200,227,212,221,216,209,200,110,228,232,216,213,210,204,221,192,225,212,213,210,213,203,187,227,225,211,205,208,202,185,194,222,212,209,203,205,188,198,221,1
61,66,75,84,84,117,107,95,66,68,64,79,89,132,116,92,61,64,71,82,85,135,123,87,60,60,82,76,68,119,133,101,55,71,80,79,110,122,124,98,59,80,103,113,109,86,125,97,77,117,121,99,80,81,133,96,68,86,84,106,110,70,75,77,0
255,255,255,255,255,255,255,255,255,255,255,255,255,255,255,255,255,255,255,255,255,255,255,255,255,255,255,255,255,255,255,255,255,255,255,255,255,255,255,255,255,255,255,255,255,255,255,255,255,255,255,255,255,255,255,255,255,255,255,255,255,255,255,255,2
102,155,219,254,254,251,255,254,111,106,129,198,250,251,253,248,130,119,104,111,183,245,254,255,158,131,117,103,98,148,215,249,185,160,137,124,97,87,117,184,204,191,170,138,116,103,77,94,210,209,195,173,146,119,101,86,210,207,209,190,173,135,109,104,2
255,255,255,255,255,255,255,255,255,255,255,255,255,255,255,255,255,255,255,255,255,255,255,255,255,255,255,255,255,255,255,255,255,255,255,255,255,255,255,255,255,255,255,255,255,255,255,255,255,255,255,255,255,255,255,255,255,255,255,255,255,255,255,255,2
199,194,203,204,203,211,212,204,196,188,196,199,198,204,200,196,196,187,193,190,187,190,189,197,206,198,200,191,186,188,186,201,220,214,214,205,202,202,194,201,225,224,225,219,216,215,209,211,226,228,228,226,222,220,221,222,230,229,227,229,227,223,224,221,2
57,54,52,56,80,192,220,248,56,55,51,51,64,135,187,196,50,53,56,59,53,67,115,123,59,53,53,58,57,55,68,78,48,52,66,62,53,55,59,73,61,50,59,59,56,56,61,58,80,56,49,54,56,52,58,53,64,58,51,56,55,52,51,56,0
255,255,255,255,255,255,255,255,255,255,255,255,255,255,255,255,255,255,255,255,255,255,255,255,255,255,255,255,255,255,255,255,255,255,255,255,255,255,255,255,255,255,255,255,255,255,255,255,255,255,255,255,255,255,255,255,255,255,255,255,255,255,255,255,0
185,178,169,164,151,147,140,139,189,188,182,177,151,131,133,133,192,189,182,182,160,129,129,122,180,186,184,182,165,131,129,131,165,178,185,179,171,140,126,136,158,166,175,175,179,156,123,126,169,167,172,174,177,162,131,131,200,181,170,170,171,167,146,147,2
35,34,57,72,71,73,70,62,65,35,45,62,78,74,72,68,129,57,38,52,68,81,72,66,220,86,40,38,55,69,78,70,220,150,71,31,46,59,69,82,238,203,97,43,29,40,50,62,229,226,157,60,36,28,39,40,239,235,205,91,45,20,23,32,1
255,255,255,255,255,255,255,255,255,255,255,255,255,255,255,255,255,255,255,255,255,255,255,255,255,255,255,255,255,255,255,255,255,255,255,255,255,255,255,255,255,255,255,255,255,255,255,255,255,255,255,255,255,255,255,255,255,255,255,255,255,255,255,255,2
153,255,239,236,221,199,198,183,121,169,155,146,140,147,146,124,79,84,89,91,104,127,131,101,84,71,63,70,61,75,88,82,75,89,99,79,67,64,79,78,94,89,115,124,147,121,88,81,85,97,106,105,142,186,138,102,64,65,84,67,85,99,105,122,0
255,255,255,255,255,255,255,255,255,255,255,255,255,255,255,255,255,255,255,255,255,255,255,254,255,255,255,255,255,255,254,254,255,255,255,255,255,255,254,254,255,255,255,255,255,255,254,254,255,255,255,255,255,254,254,253,255,255,255,255,255,254,254,253,0
255,255,255,255,255,255,255,255,255,255,255,255,255,255,255,255,255,255,255,255,255,255,255,255,255,255,255,255,255,255,254,254,255,255,255,255,255,255,255,255,255,255,255,255,255,255,255,255,253,253,253,253,253,253,254,254,253,253,253,253,253,253,253,254,0
175,174,173,171,171,171,169,167,177,177,176,174,174,173,172,171,180,180,179,178,177,177,176,175,183,183,183,181,179,179,178,177,187,187,186,184,182,181,180,179,191,191,189,188,186,185,184,183,194,194,193,191,190,190,188,187,196,195,194,193,192,192,191,189,2
131,91,77,70,71,77,69,70,140,115,80,78,75,67,65,67,151,151,98,73,66,69,73,68,133,133,95,71,66,67,64,68,109,109,90,68,64,67,62,62,106,97,80,71,65,60,65,67,77,83,73,63,58,64,67,59,67,70,66,65,59,65,59,60,1
255,255,255,255,255,255,255,255,255,255,255,255,255,255,255,255,255,255,255,255,255,255,255,255,255,255,255,255,255,255,255,255,255,255,255,255,255,255,255,255,255,255,255,255,255,255,255,255,255,255,255,255,255,255,255,255,255,255,255,255,255,255,255,255,2
255,255,255,255,255,255,255,255,255,255,255,255,255,255,255,255,255,255,255,255,255,255,255,255,255,255,255,255,255,255,255,255,255,255,255,255,255,255,255,255,255,255,255,255,255,255,255,255,255,255,255,255,255,255,255,255,255,255,255,255,255,255,255,255,2
150,151,151,144,138,121,103,121,149,151,151,150,147,131,128,116,172,183,162,155,141,150,162,141,203,215,185,166,149,173,167,136,208,211,203,169,141,155,146,130,226,206,205,187,144,147,143,142,223,217,217,223,160,129,133,143,222,228,218,226,171,111,129,140,2
155,129,123,189,214,216,204,113,166,132,100,107,100,116,158,199,140,187,127,216,245,226,172,136,89,126,128,166,114,88,128,218,70,89,139,153,115,97,81,82,67,87,95,105,114,92,128,77,79,72,58,53,52,76,116,74,95,59,50,41,45,43,62,59,1
209,194,214,215,207,211,196,194,199,210,211,205,198,207,194,190,223,215,212,204,194,194,199,193,219,214,207,198,196,193,203,203,192,195,187,203,190,183,192,188,192,188,183,211,200,175,189,168,204,201,186,179,194,168,184,179,196,192,207,208,212,174,166,172,1
255,255,255,255,255,255,255,255,255,255,255,255,255,255,255,255,255,255,255,255,255,255,255,255,255,255,255,255,255,255,255,255,255,255,255,255,255,255,255,255,255,255,255,255,255,255,255,255,255,255,255,255,255,255,255,255,255,255,255,255,255,255,255,255,2
31,26,25,25,29,78,80,60,26,23,24,58,71,72,66,51,28,41,73,61,54,70,57,51,80,47,59,73,88,95,85,70,47,46,42,43,64,96,116,86,41,34,35,39,56,74,81,90,38,38,38,48,47,52,70,111,35,34,35,40,35,52,54,74,1
190,175,87,68,71,68,72,64,167,110,74,70,64,73,70,70,123,75,76,73,78,71,76,76,90,77,78,74,83,76,73,76,249,171,102,87,84,81,84,80,209,244,253,190,104,87,85,118,138,122,193,244,250,238,179,176,73,150,170,102,180,188,210,135,1
253,253,253,253,253,252,252,252,253,253,253,253,253,253,252,252,253,253,253,253,253,253,253,253,253,253,253,253,253,253,253,253,254,254,254,254,254,254,254,254,254,254,254,254,254,254,254,254,255,255,255,255,255,255,255,255,255,255,255,255,255,255,255,255,2
69,69,64,72,71,63,67,62,69,67,71,75,64,65,77,68,74,75,73,71,69,66,67,71,67,72,66,64,77,77,66,76,76,76,77,68,68,77,75,70,121,77,65,77,77,70,67,68,247,189,121,76,60,65,72,74,248,249,221,161,103,75,70,72,2
197,160,136,140,150,156,164,174,206,179,129,142,150,159,158,158,227,172,108,143,149,152,159,162,225,198,99,134,157,159,159,158,198,216,100,108,136,153,165,159,191,209,140,80,90,110,137,154,185,209,198,84,75,86,99,139,206,219,226,125,74,75,77,109,2
255,255,255,255,255,255,255,255,255,255,255,255,255,255,255,255,255,255,255,255,255,255,255,255,255,255,255,255,255,255,255,255,255,255,255,255,255,255,255,255,255,255,255,255,255,255,255,255,255,255,255,255,255,255,255,255,255,255,255,255,255,255,255,255,0
255,250,255,255,253,248,228,216,209,233,240,248,255,224,222,214,184,184,199,208,206,212,215,199,168,185,185,189,193,196,202,206,169,159,173,183,191,184,185,177,163,157,160,166,169,169,179,172,136,144,161,162,162,175,161,151,123,134,141,147,153,152,157,125,1
255,255,255,255,255,255,255,255,255,255,255,255,255,255,255,255,255,255,255,255,255,255,255,255,255,255,255,255,255,255,255,255,255,255,255,255,255,255,255,255,255,255,255,255,255,255,255,255,255,255,255,255,255,255,255,255,255,255,255,255,255,255,255,255,2
56,157,200,208,226,220,226,68,148,69,96,146,196,219,199,47,52,41,40,35,38,82,98,80,144,38,32,42,49,67,138,151,170,161,57,47,76,162,155,174,113,110,123,121,137,162,141,174,121,138,153,163,107,121,128,147,143,197,162,154,124,97,114,144,1
82,68,72,70,82,85,109,101,78,67,73,68,72,85,108,69,72,67,78,60,63,79,97,85,70,63,66,61,83,87,78,78,66,64,57,61,71,67,77,77,63,57,54,62,67,65,72,72,66,60,61,58,64,68,62,75,58,64,62,55,56,66,66,75,0
81,98,116,110,127,154,195,225,94,102,121,118,144,196,225,222,100,103,117,130,169,206,212,219,104,112,116,142,192,220,214,224,107,116,135,179,206,218,221,221,108,99,122,190,218,221,226,219,106,106,124,175,205,214,225,227,92,99,120,163,197,213,224,228,2
255,255,255,255,255,255,255,255,255,255,255,255,255,255,255,255,255,255,255,255,255,255,255,255,255,255,255,255,255,255,255,255,255,255,255,255,255,255,255,255,255,255,255,255,255,255,255,255,255,255,255,255,255,255,255,255,255,255,255,255,255,255,255,255,2
255,255,255,255,255,255,255,255,255,255,255,255,255,255,255,255,255,255,255,255,255,255,255,255,255,255,255,255,255,255,255,255,255,255,255,255,255,255,255,255,255,255,255,255,255,255,255,255,255,255,255,255,255,255,255,255,255,255,255,255,255,255,255,255,0
38,48,52,51,54,52,51,53,30,42,45,49,50,54,52,57,30,39,49,48,55,53,56,58,20,32,38,49,51,58,55,58,23,27,38,40,50,49,52,50,18,22,24,36,41,53,56,59,22,20,23,24,33,39,49,51,26,23,21,22,24,32,39,43,1
255,255,255,255,255,255,255,255,255,255,255,255,255,255,255,255,255,255,255,255,255,255,255,255,255,255,255,255,255,255,255,255,255,255,255,255,255,255,255,255,255,255,255,255,255,255,255,255,255,255,255,255,255,255,255,255,255,255,255,255,255,255,255,255,0
28,25,23,20,19,120,233,250,86,27,26,24,26,153,246,248,122,82,31,20,27,176,251,223,92,36,36,29,33,188,251,212,42,36,25,24,35,201,253,194,30,28,28,26,57,210,252,170,34,24,24,27,45,213,248,167,22,21,25,26,42,208,251,175,1
119,118,117,123,123,115,91,74,122,116,122,127,105,70,67,68,115,121,123,122,114,79,66,67,104,114,116,122,112,89,59,142,104,100,86,118,91,89,57,100,125,100,80,108,96,75,67,61,122,114,116,106,130,103,96,104,120,125,124,123,128,113,132,118,0
55,42,37,28,33,34,40,40,54,53,43,30,34,38,41,41,64,72,50,31,28,33,38,42,58,71,53,43,31,35,41,47,58,67,56,55,30,29,36,43,53,55,50,53,21,20,29,36,53,54,53,52,19,14,15,18,57,57,54,48,18,19,18,22,1
147,139,119,103,65,33,36,128,89,66,50,70,110,123,122,183,41,47,44,63,161,155,192,187,47,48,50,51,126,160,187,192,53,49,40,86,137,184,187,191,46,48,80,124,172,186,186,191,47,77,127,157,182,179,180,194,76,121,140,179,186,183,175,184,0
26,59,205,250,250,151,104,100,19,20,29,57,211,251,253,209,16,17,24,27,29,116,242,250,16,25,18,24,53,53,51,119,10,18,20,74,172,254,254,247,18,14,18,29,135,141,137,59,16,17,25,25,31,89,86,31,18,24,23,33,26,30,24,23,1
255,255,255,255,255,255,255,255,255,255,255,255,255,255,255,255,255,255,255,255,255,255,255,255,255,255,255,255,255,255,255,255,255,255,255,255,255,255,255,255,255,255,255,255,255,255,255,255,255,255,255,255,255,255,255,255,255,255,255,255,255,255,255,255,2
116,118,115,80,60,77,62,54,129,119,105,84,74,72,70,54,143,127,110,84,84,79,60,53,212,216,125,92,97,81,75,52,226,248,160,104,95,82,68,58,237,249,165,104,89,77,69,64,238,250,153,110,94,75,78,78,241,251,129,108,103,84,75,72,1
255,255,254,254,255,255,255,249,255,254,255,255,255,252,251,255,255,253,255,254,255,255,255,253,255,254,255,255,255,250,255,253,255,255,255,251,255,255,255,255,252,250,255,255,253,255,255,255,253,255,254,255,252,255,255,253,111,226,255,255,255,254,255,255,1
171,162,163,201,232,221,213,224,118,123,131,147,156,156,168,182,101,107,116,117,107,106,120,128,84,83,90,98,93,87,91,94,68,68,71,74,71,67,69,79,57,60,60,65,81,86,72,63,47,51,51,45,50,57,55,56,50,44,44,43,44,45,42,45,2
241,241,240,239,239,239,239,239,242,242,241,241,241,241,241,241,243,243,243,243,244,244,243,243,245,244,244,245,245,246,245,244,247,246,246,246,247,247,246,245,249,248,248,248,248,248,248,247,250,250,249,249,249,249,249,249,250,250,250,249,249,250,250,250,2
47,51,54,54,44,55,60,50,43,56,54,91,86,67,57,58,41,47,57,92,78,58,70,54,45,179,206,50,52,56,56,51,50,129,200,42,42,42,43,41,98,122,108,39,35,37,36,36,111,149,38,35,33,31,28,30,130,169,32,24,27,28,32,29,1
118,138,155,167,177,181,181,185,152,165,173,175,179,180,180,184,164,172,175,174,177,180,184,189,165,171,174,176,179,183,186,190,169,174,177,179,182,185,188,191,174,176,179,181,183,187,192,194,180,182,184,186,187,190,194,196,179,181,187,191,192,193,196,196,2
117,116,142,143,150,160,152,134,106,105,120,126,122,139,138,88,75,86,89,100,99,105,86,55,59,60,68,71,68,60,44,44,50,51,53,50,45,44,58,61,46,44,32,81,77,60,51,54,29,35,84,118,56,53,53,46,27,48,109,68,50,46,51,126,1
221,212,218,223,227,228,226,212,213,205,210,224,235,225,218,211,219,215,203,206,220,221,223,226,223,218,199,194,206,211,212,207,229,218,204,205,205,197,189,183,233,219,218,233,238,230,207,188,233,232,233,229,220,221,210,206,224,220,217,211,214,228,218,217,2
187,195,194,198,208,211,208,209,183,183,190,190,192,195,190,197,162,172,171,191,182,188,185,195,79,96,126,169,158,166,163,158,58,57,132,151,128,137,158,153,43,62,125,131,118,105,110,109,41,64,104,121,110,110,142,149,44,65,81,102,149,150,148,155,1
65,78,145,241,105,57,65,59,59,69,139,243,109,51,52,57,58,66,134,238,126,48,55,52,53,49,124,231,145,47,55,49,49,38,128,230,163,47,51,55,55,43,137,235,200,39,48,55,64,62,140,216,224,76,66,55,90,93,112,101,133,120,109,88,0
255,255,255,255,255,255,255,255,255,255,255,255,255,255,255,255,255,255,255,255,255,255,255,255,255,255,255,255,255,255,255,255,255,255,255,255,255,255,255,255,254,254,254,254,254,254,254,254,254,254,254,254,254,254,254,254,255,255,255,255,255,255,255,255,0
77,183,255,255,251,255,255,254,70,77,168,248,255,255,255,255,82,65,67,182,255,255,253,253,88,78,40,114,237,255,255,255,98,70,42,67,213,253,255,251,106,86,63,41,161,251,252,255,125,92,82,47,99,238,255,255,145,104,90,73,61,172,255,252,2
224,204,206,185,143,94,122,164,212,208,193,181,99,102,186,133,211,183,185,107,97,163,154,107,193,190,124,97,145,166,127,182,192,151,105,113,161,125,232,255,185,109,103,165,139,151,230,252,133,106,143,140,119,207,212,230,116,128,142,115,181,201,203,209,1
92,87,86,88,79,79,65,51,93,77,100,89,99,105,75,54,97,96,91,84,97,105,82,66,113,116,96,92,82,94,87,69,176,150,136,117,99,92,68,64,245,253,194,169,80,74,64,61,184,231,238,153,58,63,70,53,125,185,184,91,62,59,57,62,0
255,255,255,255,255,255,255,255,255,255,255,255,255,255,255,255,255,255,255,255,255,255,255,255,255,255,255,255,255,255,255,255,255,255,255,255,255,255,255,255,255,255,255,255,255,255,255,255,255,255,255,255,255,255,255,255,255,255,255,255,255,255,255,255,2
52,50,61,68,120,96,105,106,56,70,87,103,118,124,120,129,79,95,109,137,125,131,146,138,87,105,115,122,134,143,150,148,99,116,118,126,138,145,152,160,121,126,119,133,141,148,167,148,82,119,144,143,159,173,182,170,42,56,49,53,59,71,97,96,1
173,238,255,254,253,254,254,249,247,255,251,254,255,252,253,254,246,247,248,255,255,252,254,255,230,239,248,253,252,255,255,251,215,223,232,241,248,255,253,255,211,219,226,237,246,250,248,255,209,213,213,222,234,245,249,253,208,212,211,218,222,233,243,246,2
255,255,255,255,255,255,255,255,255,255,255,255,255,255,255,255,255,255,255,255,255,255,255,255,255,255,255,255,255,255,255,255,255,255,255,255,255,255,255,255,255,255,255,255,255,255,255,255,255,255,255,255,255,255,255,255,255,255,255,255,255,255,255,255,0
141,142,143,143,143,143,145,147,142,142,143,143,143,143,145,147,144,144,144,144,144,144,145,147,144,144,144,145,145,145,146,148,144,144,144,145,146,146,146,147,144,144,144,146,146,146,146,147,146,146,146,147,147,147,147,147,149,148,148,148,148,148,148,149,2
79,77,83,92,83,77,74,75,83,76,74,81,78,81,77,70,88,83,77,76,77,85,85,77,98,94,87,80,79,86,88,82,103,97,90,85,90,95,94,87,102,96,90,86,90,89,86,80,91,91,92,90,93,89,90,89,90,91,92,85,84,77,76,75,2
40,43,48,59,74,95,125,152,45,55,66,79,99,123,143,155,57,67,83,102,121,134,142,148,75,87,103,118,128,132,135,139,90,104,116,119,123,130,134,135,100,108,112,114,117,123,129,133,103,105,107,112,116,119,124,131,95,102,107,108,112,118,123,126,2
253,253,253,253,253,253,253,253,253,253,253,253,253,253,253,253,254,254,254,253,253,253,253,253,254,254,254,254,254,254,254,254,255,254,254,254,254,254,254,254,255,255,254,254,254,254,254,254,255,255,255,255,255,255,255,255,255,255,255,255,255,255,255,255,2
98,104,96,157,254,142,133,254,90,97,96,117,240,217,147,153,80,89,97,95,181,249,222,247,94,88,86,88,110,221,205,252,108,76,86,85,92,129,133,89,100,102,65,77,90,109,101,80,88,96,105,69,87,87,82,86,96,88,94,81,69,87,95,80,1
107,142,152,166,184,181,190,216,90,122,158,162,183,179,178,197,80,113,147,162,176,180,181,188,84,108,137,158,167,178,181,182,74,91,142,154,162,167,175,186,58,71,112,138,152,158,166,173,51,73,100,133,137,139,155,167,53,57,84,107,131,135,143,149,1
206,169,99,104,166,250,183,172,183,199,167,106,98,231,185,181,128,138,145,140,131,223,197,194,104,105,142,140,140,182,178,186,92,111,144,145,150,155,169,177,107,114,119,135,156,166,162,162,91,100,97,135,154,152,161,163,92,108,140,142,147,151,152,151,1
255,255,255,255,255,255,255,255,255,255,255,255,255,255,255,255,255,255,255,255,255,255,255,255,255,255,255,255,255,255,255,255,255,255,255,255,255,255,255,255,255,255,255,255,255,255,255,255,255,255,255,255,255,255,255,255,255,255,255,255,255,255,255,255,0
255,255,255,255,255,255,255,255,255,255,255,255,255,255,255,255,255,255,255,255,255,255,255,255,255,255,255,255,255,255,255,255,255,255,255,255,255,255,255,255,255,255,255,255,255,255,255,255,255,255,255,255,255,255,255,255,255,255,255,255,255,255,255,255,2
255,255,255,255,255,255,255,255,255,255,255,255,255,255,255,255,255,255,255,255,255,255,255,255,255,255,255,255,255,255,255,255,255,255,255,255,255,255,255,255,255,255,255,255,255,255,255,255,255,255,255,255,255,255,255,255,255,255,255,255,255,255,255,255,2
255,255,255,255,255,255,255,255,255,255,255,255,255,255,255,255,255,255,255,255,255,255,255,255,255,255,255,255,255,255,255,255,255,255,255,255,255,255,255,255,255,255,255,255,255,255,255,255,255,255,255,255,255,255,255,255,255,255,255,255,255,255,255,255,0
40,43,33,30,21,24,30,33,44,38,31,26,24,25,35,35,40,36,34,29,17,28,30,41,43,36,34,28,17,26,36,37,38,30,29,23,15,28,36,41,44,32,27,17,16,28,33,34,84,39,21,21,10,16,32,36,90,237,41,13,13,15,31,33,1
255,255,255,255,255,255,255,255,255,255,255,255,255,255,255,255,255,255,255,255,255,255,255,255,255,255,255,255,255,255,255,255,255,255,255,255,255,255,255,255,255,255,255,255,255,255,255,255,255,255,255,255,255,255,255,255,255,255,255,255,255,255,255,255,2
